34 0.05390625 0.365625 0.0421875 0.378125
34 0.10546875 0.36875 0.0421875 0.375
34 0.153125 0.35625 0.040625 0.35
34 0.20625 0.36875 0.040625 0.353125
38 0.25625 0.3625 0.0375 0.340625
38 0.309375 0.359375 0.0421875 0.36875
38 0.3609375 0.3578125 0.040625 0.3296875
38 0.4109375 0.3640625 0.0421875 0.3453125
39 0.46328125 0.371875 0.0390625 0.359375
39 0.5125 0.365625 0.040625 0.3609375
39 0.5625 0.36171875 0.04375 0.3609375
39 0.61328125 0.3703125 0.0390625 0.36875
36 0.6625 0.3625 0.040625 0.3640625
36 0.7125 0.37109375 0.04375 0.3890625
36 0.7640625 0.35390625 0.0421875 0.3546875
36 0.81484375 0.365625 0.0421875 0.35625
37 0.8640625 0.3765625 0.040625 0.36875