47 0.89375 0.4140625 0.05625 0.059375
47 0.1171875 0.4 0.04375 0.0546875
47 0.54453125 0.40703125 0.0453125 0.0578125
47 0.22109375 0.403125 0.0390625 0.0546875
47 0.83125 0.4125 0.0484375 0.0609375
47 0.6 0.409375 0.0484375 0.0609375
47 0.71484375 0.41171875 0.0515625 0.0609375
47 0.328125 0.40390625 0.04375 0.0546875
47 0.3828125 0.40625 0.04375 0.05625
47 0.4875 0.4078125 0.0421875 0.0546875
47 0.43671875 0.4046875 0.0421875 0.05625
47 0.771875 0.409375 0.0515625 0.0609375
47 0.275 0.40234375 0.046875 0.0484375
47 0.16953125 0.4015625 0.0421875 0.0578125
47 0.6578125 0.409375 0.046875 0.059375
47 0.0609375 0.40078125 0.0484375 0.0578125