47 0.9015625 0.4703125 0.0625 0.065625
47 0.13359375 0.3484375 0.0515625 0.059375
47 0.5578125 0.41484375 0.053125 0.0640625
47 0.2375 0.365625 0.046875 0.059375
47 0.83984375 0.459375 0.0546875 0.065625
47 0.6125 0.42578125 0.05625 0.0671875
47 0.725 0.4421875 0.059375 0.065625
47 0.34296875 0.38046875 0.0515625 0.0609375
47 0.396875 0.39140625 0.05 0.0609375
47 0.5015625 0.40703125 0.05 0.0609375
47 0.45078125 0.39765625 0.0484375 0.0609375
47 0.7828125 0.4484375 0.059375 0.065625
47 0.28984375 0.37265625 0.0515625 0.0546875
47 0.1875 0.3578125 0.05 0.0625
47 0.66953125 0.43125 0.0546875 0.065625
47 0.0796875 0.34140625 0.05625 0.0640625