47 0.18203125 0.4921875 0.0609375 0.071875
47 0.12421875 0.49921875 0.0578125 0.0703125
47 0.2375 0.4828125 0.05625 0.06875
47 0.7078125 0.41171875 0.059375 0.0640625
47 0.0671875 0.51015625 0.06875 0.0703125
47 0.64765625 0.42109375 0.0578125 0.0640625
47 0.8921875 0.38671875 0.059375 0.0734375
47 0.7703125 0.4046875 0.059375 0.071875
47 0.8296875 0.39453125 0.059375 0.0734375
47 0.471875 0.4484375 0.05625 0.06875
47 0.5296875 0.4390625 0.05625 0.065625
47 0.58828125 0.43046875 0.0578125 0.0671875
40 0.41328125 0.4578125 0.0578125 0.06875
40 0.353125 0.465625 0.05625 0.065625
40 0.2953125 0.47421875 0.05625 0.0671875