47 0.1859375 0.440625 0.0515625 0.0640625
47 0.1296875 0.440625 0.05 0.0640625
47 0.24375 0.4421875 0.046875 0.0625
47 0.71796875 0.4453125 0.0515625 0.05625
47 0.07109375 0.44140625 0.0609375 0.0609375
47 0.6578125 0.4453125 0.05 0.05625
47 0.9046875 0.4484375 0.0515625 0.065625
47 0.78203125 0.446875 0.0515625 0.065625
47 0.8421875 0.446875 0.0515625 0.0671875
47 0.48046875 0.44375 0.0484375 0.0625
47 0.5390625 0.44375 0.0484375 0.0609375
47 0.596875 0.44375 0.046875 0.0609375
40 0.421875 0.44375 0.05 0.0625
40 0.359375 0.44296875 0.0484375 0.0609375
40 0.30234375 0.440625 0.0484375 0.0609375