47 0.50859375 0.43828125 0.0546875 0.0703125
47 0.26015625 0.4109375 0.0609375 0.06875
47 0.19453125 0.4015625 0.0609375 0.071875
47 0.321875 0.41484375 0.05625 0.0703125
47 0.38828125 0.421875 0.0609375 0.071875
47 0.4484375 0.428125 0.059375 0.071875
47 0.69375 0.4609375 0.0625 0.06875
47 0.56953125 0.44453125 0.0578125 0.0703125
47 0.75234375 0.4703125 0.0578125 0.065625
47 0.63125 0.45390625 0.05625 0.0671875
47 0.128125 0.39609375 0.0625 0.0734375
47 0.81484375 0.47734375 0.0578125 0.0640625
38 0.878125 0.4859375 0.05625 0.065625
38 0.9390625 0.4921875 0.053125 0.059375