47 0.8390625 0.55 0.078125 0.08125
47 0.78203125 0.53828125 0.0734375 0.0796875
47 0.7296875 0.53671875 0.071875 0.0765625
47 0.671875 0.521875 0.06875 0.071875
47 0.38203125 0.47578125 0.0703125 0.0828125
47 0.31953125 0.46875 0.0734375 0.084375
37 0.05546875 0.43203125 0.0640625 0.0828125
35 0.1890625 0.45 0.06875 0.078125
47 0.50234375 0.4875 0.0640625 0.075
47 0.5609375 0.5 0.06875 0.078125
35 0.25703125 0.45859375 0.0703125 0.0796875
37 0.12265625 0.4421875 0.0640625 0.08125
47 0.6171875 0.509375 0.065625 0.075
47 0.44296875 0.48203125 0.0640625 0.0765625