47 0.3953125 0.471875 0.0703125 0.0875
47 0.596875 0.4375 0.059375 0.08125
47 0.528125 0.44921875 0.065625 0.0828125
47 0.32578125 0.4890625 0.0671875 0.0890625
35 0.7921875 0.40234375 0.059375 0.0671875
35 0.85390625 0.39296875 0.0578125 0.0640625
47 0.2515625 0.5 0.071875 0.09375
47 0.18203125 0.51640625 0.0671875 0.0796875
47 0.10859375 0.5234375 0.0671875 0.0796875
35 0.92109375 0.378125 0.0578125 0.0765625
47 0.7265625 0.4140625 0.0640625 0.0796875
47 0.03671875 0.5375 0.0609375 0.0828125
47 0.6625 0.4265625 0.059375 0.078125
47 0.4609375 0.459375 0.0671875 0.0875