47 0.53125 0.3359375 0.06875 0.084375
47 0.37734375 0.36875 0.0796875 0.103125
47 0.29140625 0.3796875 0.0796875 0.103125
47 0.60703125 0.3265625 0.0765625 0.090625
47 0.46015625 0.35703125 0.0765625 0.1015625
47 0.1125 0.40234375 0.075 0.1046875
47 0.20703125 0.3953125 0.0859375 0.10625
47 0.68828125 0.3375 0.0640625 0.090625
47 0.75625 0.32734375 0.071875 0.0890625
47 0.83046875 0.32109375 0.0671875 0.0890625
47 0.9 0.31796875 0.071875 0.0890625
34 0.346875 0.6125 0.090625 0.121875
34 0.4484375 0.59453125 0.078125 0.1109375
34 0.54375 0.57265625 0.075 0.1109375