47 0.5453125 0.3390625 0.0625 0.08125
47 0.38984375 0.3578125 0.0734375 0.096875
47 0.303125 0.36171875 0.071875 0.0984375
47 0.621875 0.3359375 0.06875 0.0859375
47 0.47265625 0.3546875 0.0671875 0.096875
47 0.121875 0.36875 0.0671875 0.1
47 0.21796875 0.3703125 0.0765625 0.1
47 0.7015625 0.3546875 0.0578125 0.0859375
47 0.7703125 0.35 0.065625 0.084375
47 0.84375 0.3515625 0.0609375 0.084375
47 0.91484375 0.353125 0.0640625 0.084375
34 0.33828125 0.5984375 0.0796875 0.115625
34 0.440625 0.5890625 0.06875 0.10625
34 0.5375 0.5765625 0.065625 0.10625