36 0.4234375 0.48359375 0.046875 0.0640625
36 0.484375 0.4796875 0.05 0.0625
47 0.9359375 0.45078125 0.05625 0.0671875
34 0.60078125 0.4765625 0.0515625 0.065625
47 0.8796875 0.45390625 0.053125 0.0671875
34 0.54375 0.47734375 0.05 0.0671875
38 0.3640625 0.484375 0.053125 0.06875
38 0.3 0.48671875 0.053125 0.0703125
37 0.1703125 0.5 0.05 0.075
37 0.23671875 0.4953125 0.0515625 0.075
47 0.6578125 0.471875 0.05 0.06875
47 0.8265625 0.4578125 0.046875 0.059375
47 0.1078125 0.50078125 0.05625 0.0765625
47 0.715625 0.46875 0.05 0.0625
47 0.7734375 0.4625 0.046875 0.0625