47 0.56171875 0.51640625 0.0703125 0.0953125
47 0.73125 0.56875 0.071875 0.09375
47 0.5015625 0.5 0.071875 0.096875
47 0.440625 0.48203125 0.075 0.0984375
47 0.67421875 0.54765625 0.0703125 0.0921875
47 0.61484375 0.5296875 0.0703125 0.09375
47 0.3796875 0.465625 0.075 0.1
47 0.31171875 0.44140625 0.0828125 0.1015625
47 0.77890625 0.575 0.0703125 0.090625
47 0.240625 0.42265625 0.08125 0.1046875
47 0.10078125 0.3828125 0.0828125 0.109375
36 0.8828125 0.603125 0.0625 0.08125
36 0.8359375 0.59765625 0.059375 0.0765625
47 0.1671875 0.40625 0.078125 0.10625