47 0.215625 0.44375 0.0640625 0.0828125
47 0.14375 0.44765625 0.0625 0.0828125
39 0.553125 0.428125 0.0515625 0.0625
39 0.48984375 0.4328125 0.0515625 0.0671875
47 0.06875 0.45 0.065625 0.084375
37 0.7375 0.421875 0.046875 0.0671875
39 0.61640625 0.4265625 0.0484375 0.0609375
37 0.67890625 0.4265625 0.0484375 0.06875
47 0.42734375 0.4328125 0.0578125 0.071875
47 0.9078125 0.4140625 0.0515625 0.0703125
47 0.8515625 0.41640625 0.053125 0.0703125
47 0.35546875 0.4375 0.0609375 0.075
47 0.796875 0.41875 0.053125 0.0703125
47 0.2875 0.440625 0.0625 0.078125