47 0.7984375 0.46015625 0.046875 0.0578125
47 0.5046875 0.475 0.0375 0.0578125
47 0.90078125 0.453125 0.0515625 0.0609375
47 0.5515625 0.4734375 0.0390625 0.0578125
47 0.5984375 0.46875 0.0390625 0.05625
47 0.7453125 0.4625 0.04375 0.059375
47 0.159375 0.4859375 0.0453125 0.0578125
47 0.9578125 0.453125 0.0546875 0.0640625
47 0.45625 0.4765625 0.0390625 0.0578125
47 0.6484375 0.4671875 0.040625 0.05625
47 0.2265625 0.48515625 0.05 0.0609375
47 0.1140625 0.484375 0.04375 0.0546875
37 0.3875 0.48125 0.0390625 0.05625
37 0.3421875 0.4828125 0.034375 0.0546875
47 0.696875 0.46796875 0.04375 0.0578125
47 0.84765625 0.4578125 0.0484375 0.059375
37 0.29375 0.48359375 0.034375 0.0546875
47 0.06953125 0.4890625 0.0453125 0.05625