47 0.31015625 0.41484375 0.1015625 0.0484375
34 0.78125 0.5875 0.13125 0.075
47 0.48828125 0.4125 0.0890625 0.046875
37 0.578125 0.41875 0.0875 0.046875
34 0.8984375 0.59140625 0.15 0.0765625
47 0.3984375 0.4109375 0.090625 0.046875
34 0.66640625 0.58671875 0.1171875 0.0734375
37 0.66953125 0.4203125 0.0953125 0.0484375
47 0.4328125 0.58671875 0.1125 0.0765625
47 0.30625 0.5890625 0.128125 0.078125
47 0.5484375 0.5875 0.1125 0.078125
47 0.22265625 0.4125 0.1078125 0.046875
47 0.13125 0.4125 0.115625 0.046875
37 0.7546875 0.4171875 0.1015625 0.0484375
47 0.190625 0.59609375 0.1453125 0.0796875