47 0.346875 0.4203125 0.06875 0.0875
47 0.4203125 0.41171875 0.065625 0.0828125
34 0.271875 0.428125 0.071875 0.0921875
47 0.48515625 0.40859375 0.0609375 0.0796875
47 0.55 0.403125 0.059375 0.078125
47 0.8765625 0.375 0.05625 0.06875
34 0.19375 0.43125 0.071875 0.090625
47 0.603125 0.3953125 0.059375 0.0734375
38 0.034375 0.428125 0.06875 0.109375
47 0.83125 0.38125 0.0546875 0.065625
47 0.66875 0.39140625 0.059375 0.0703125
47 0.7171875 0.3859375 0.059375 0.071875
38 0.1140625 0.4375 0.071875 0.0984375
47 0.778125 0.38125 0.059375 0.06875