47 0.79765625 0.44921875 0.0484375 0.0578125
47 0.50390625 0.4765625 0.0390625 0.059375
47 0.8984375 0.440625 0.053125 0.0625
47 0.5515625 0.4734375 0.040625 0.059375
47 0.5984375 0.465625 0.040625 0.05625
47 0.74453125 0.45390625 0.0453125 0.0609375
47 0.159375 0.4984375 0.046875 0.059375
47 0.95625 0.4390625 0.05625 0.065625
47 0.45546875 0.47890625 0.0390625 0.0578125
47 0.64609375 0.46171875 0.0421875 0.0578125
47 0.22734375 0.4953125 0.0515625 0.0625
47 0.11328125 0.4984375 0.0453125 0.05625
37 0.3875 0.484375 0.040625 0.05625
37 0.34140625 0.48828125 0.0359375 0.0546875
47 0.6953125 0.4609375 0.04375 0.059375
47 0.846875 0.4453125 0.05 0.059375
37 0.29296875 0.490625 0.0359375 0.05625
47 0.06953125 0.503125 0.0453125 0.05625