47 0.325 0.3859375 0.10625 0.0625
34 0.7640625 0.63125 0.140625 0.09375
47 0.50234375 0.41171875 0.0953125 0.0609375
37 0.5890625 0.4328125 0.09375 0.059375
34 0.8796875 0.65234375 0.159375 0.0984375
47 0.41328125 0.39609375 0.0953125 0.0609375
34 0.65078125 0.6125 0.1265625 0.090625
37 0.6796875 0.44765625 0.1 0.0609375
47 0.41953125 0.575 0.1234375 0.09375
47 0.29453125 0.55703125 0.1390625 0.0953125
47 0.53515625 0.59453125 0.1234375 0.0953125
47 0.2390625 0.3703125 0.1125 0.0625
47 0.15 0.35703125 0.121875 0.0640625
37 0.76484375 0.45859375 0.1078125 0.0640625
47 0.18046875 0.54765625 0.1546875 0.1015625