47 0.79765625 0.55078125 0.0609375 0.0703125
47 0.34296875 0.47421875 0.0734375 0.0859375
47 0.4 0.4796875 0.071875 0.084375
47 0.2203125 0.45546875 0.075 0.0890625
47 0.090625 0.42421875 0.08125 0.0921875
47 0.28125 0.4640625 0.075 0.0875
47 0.4546875 0.49296875 0.065625 0.0765625
47 0.6109375 0.51953125 0.06875 0.0765625
47 0.65546875 0.52890625 0.0609375 0.0734375
47 0.88515625 0.56484375 0.0671875 0.0734375
47 0.8390625 0.56015625 0.0625 0.0734375
47 0.75 0.54140625 0.065625 0.0765625
47 0.50625 0.50078125 0.065625 0.0765625
47 0.1578125 0.4390625 0.075 0.090625
47 0.709375 0.53828125 0.065625 0.0765625
47 0.5578125 0.51015625 0.065625 0.0765625