47 0.48359375 0.42421875 0.0796875 0.0609375
47 0.4203125 0.53046875 0.09375 0.0671875
47 0.50859375 0.5328125 0.0890625 0.065625
47 0.1421875 0.51875 0.1140625 0.065625
47 0.8875 0.5515625 0.0859375 0.06875
47 0.4 0.421875 0.0796875 0.0625
47 0.325 0.528125 0.103125 0.0671875
47 0.60390625 0.5375 0.0890625 0.065625
47 0.05625 0.515625 0.109375 0.065625
47 0.6984375 0.54375 0.0859375 0.065625
47 0.7890625 0.54765625 0.0859375 0.0640625
47 0.234375 0.521875 0.109375 0.065625
47 0.5640625 0.4296875 0.0828125 0.059375
47 0.64375 0.43125 0.071875 0.0625