47 0.0984375 0.5359375 0.06875 0.084375
47 0.70234375 0.4765625 0.0609375 0.078125
47 0.20078125 0.525 0.0609375 0.08125
47 0.63515625 0.48125 0.0578125 0.078125
34 0.51484375 0.496875 0.0578125 0.075
34 0.4546875 0.503125 0.059375 0.078125
47 0.57421875 0.48828125 0.0578125 0.0765625
47 0.93828125 0.4578125 0.0609375 0.071875
34 0.39453125 0.5109375 0.0578125 0.078125
47 0.33203125 0.51796875 0.0578125 0.0796875
40 0.76171875 0.47265625 0.0609375 0.0796875
47 0.4328125 0.428125 0.059375 0.078125
47 0.26875 0.52421875 0.05625 0.0796875
40 0.82265625 0.46796875 0.0609375 0.0796875
47 0.03125 0.54140625 0.0625 0.0828125
40 0.87734375 0.4640625 0.0640625 0.078125
47 0.9828125 0.45234375 0.034375 0.0671875