47 0.74765625 0.5015625 0.0453125 0.075
47 0.6140625 0.5046875 0.04375 0.075
47 0.159375 0.5125 0.0453125 0.078125
47 0.7921875 0.50078125 0.04375 0.0765625
47 0.34453125 0.509375 0.0453125 0.075
47 0.06640625 0.515625 0.0484375 0.08125
47 0.1140625 0.5125 0.05 0.078125
47 0.5671875 0.50625 0.04375 0.075
47 0.2046875 0.5125 0.046875 0.078125
47 0.70625 0.503125 0.04375 0.075
47 0.5265625 0.50625 0.04375 0.075
47 0.659375 0.5046875 0.04375 0.075
47 0.253125 0.5109375 0.046875 0.078125
38 0.3890625 0.509375 0.04375 0.075
38 0.4375 0.5078125 0.04375 0.075
47 0.296875 0.509375 0.046875 0.0765625
38 0.48125 0.5078125 0.04375 0.075
47 0.8359375 0.4984375 0.04375 0.075
47 0.240625 0.02109375 0.0546875 0.0421875
37 0.2359375 0.1265625 0.05625 0.0546875