47 0.49765625 0.42265625 0.0890625 0.0734375
47 0.41484375 0.515625 0.1046875 0.084375
47 0.503125 0.5328125 0.1 0.08125
47 0.14609375 0.45078125 0.1234375 0.0859375
47 0.8703125 0.625 0.096875 0.084375
47 0.4171875 0.403125 0.090625 0.075
47 0.32265625 0.49609375 0.1140625 0.0859375
47 0.5953125 0.55703125 0.1 0.0796875
47 0.06171875 0.43046875 0.1203125 0.0859375
47 0.6859375 0.5796875 0.096875 0.08125
47 0.77578125 0.6015625 0.0953125 0.078125
47 0.23515625 0.47109375 0.1203125 0.0859375
47 0.5765625 0.44296875 0.090625 0.0734375
47 0.65390625 0.4609375 0.0828125 0.075