47 0.10546875 0.41640625 0.0796875 0.0921875
47 0.7 0.53671875 0.071875 0.0859375
47 0.2078125 0.43671875 0.071875 0.0890625
47 0.634375 0.521875 0.06875 0.084375
34 0.5140625 0.5015625 0.06875 0.08125
34 0.45546875 0.48984375 0.0703125 0.0859375
47 0.575 0.5109375 0.06875 0.084375
47 0.93046875 0.58828125 0.0703125 0.0796875
34 0.396875 0.47890625 0.06875 0.0859375
47 0.334375 0.46796875 0.06875 0.0859375
40 0.7578125 0.55078125 0.071875 0.0859375
47 0.45703125 0.41171875 0.0703125 0.0859375
47 0.27265625 0.45546875 0.0671875 0.0859375
40 0.8171875 0.56328125 0.071875 0.0859375
47 0.040625 0.403125 0.075 0.090625
40 0.871875 0.575 0.075 0.084375
47 0.9765625 0.59609375 0.04375 0.0703125