47 0.284375 0.53671875 0.05625 0.0796875
47 0.59375 0.4625 0.053125 0.075
47 0.128125 0.5765625 0.065625 0.0875
47 0.178125 0.56015625 0.059375 0.0828125
47 0.853125 0.40546875 0.059375 0.0765625
47 0.43828125 0.4984375 0.0515625 0.075
47 0.23125 0.55078125 0.059375 0.0828125
47 0.075 0.5875 0.065625 0.084375
47 0.54375 0.475 0.053125 0.075
38 0.69921875 0.43984375 0.0546875 0.0765625
47 0.3390625 0.5234375 0.05625 0.078125
38 0.75078125 0.4265625 0.0546875 0.075
38 0.6453125 0.4484375 0.05625 0.071875
47 0.80234375 0.4171875 0.0546875 0.075
47 0.3875 0.51015625 0.053125 0.0765625
47 0.49140625 0.490625 0.0515625 0.071875