47 0.2109375 0.7921875 0.134375 0.19375
35 0.64453125 0.39765625 0.1140625 0.1390625
47 0.2359375 0.2046875 0.1125 0.125
47 0.31640625 0.8 0.1328125 0.2
47 0.31484375 0.21796875 0.1078125 0.1265625
47 0.15625 0.18828125 0.115625 0.1265625
47 0.75 0.69609375 0.13125 0.1703125
47 0.6546875 0.7046875 0.125 0.171875
47 0.44453125 0.6375 0.1265625 0.175
35 0.48671875 0.33828125 0.1046875 0.1328125
47 0.1609375 0.61015625 0.125 0.1734375
47 0.35390625 0.63359375 0.1265625 0.1796875
47 0.56875 0.6625 0.121875 0.16875
35 0.5640625 0.39140625 0.109375 0.1421875
40 0.846875 0.4828125 0.125 0.146875
47 0.25859375 0.625 0.1234375 0.175
40 0.76484375 0.5109375 0.1328125 0.1625
47 0.10546875 0.7734375 0.1359375 0.196875
47 0.428125 0.22265625 0.146875 0.1578125