47 0.615625 0.45625 0.090625 0.121875
47 0.290625 0.59921875 0.103125 0.1453125
47 0.49296875 0.5953125 0.0984375 0.14375
47 0.1828125 0.59921875 0.11875 0.1609375
47 0.39765625 0.5953125 0.0984375 0.140625
47 0.5234375 0.4515625 0.08125 0.121875
47 0.68046875 0.5875 0.1140625 0.15
35 0.3453125 0.45078125 0.084375 0.1203125
47 0.775 0.58984375 0.115625 0.1453125
47 0.4375 0.45625 0.0875 0.128125
37 0.69375 0.45625 0.071875 0.115625
47 0.58828125 0.58671875 0.1015625 0.1421875
37 0.77578125 0.45390625 0.0765625 0.1078125
35 0.24765625 0.4515625 0.0953125 0.13125
35 0.14765625 0.4453125 0.0828125 0.125
37 0.853125 0.45234375 0.071875 0.0984375
40 0.2546875 0.03359375 0.084375 0.0671875