47 0.6140625 0.4515625 0.0859375 0.11875
47 0.2953125 0.60625 0.1 0.14375
47 0.4953125 0.59609375 0.09375 0.1390625
47 0.18671875 0.609375 0.1140625 0.1578125
47 0.4 0.6 0.09375 0.1375
47 0.52109375 0.45078125 0.0765625 0.1203125
47 0.6828125 0.58125 0.109375 0.1453125
35 0.34375 0.4546875 0.08125 0.1171875
47 0.7765625 0.58046875 0.109375 0.1421875
47 0.43515625 0.4578125 0.0828125 0.125
37 0.6921875 0.4484375 0.06875 0.1140625
47 0.590625 0.584375 0.096875 0.140625
37 0.77421875 0.44453125 0.0734375 0.1046875
35 0.24609375 0.459375 0.0890625 0.1296875
35 0.1453125 0.4578125 0.0796875 0.121875
37 0.8515625 0.4390625 0.06875 0.0953125
40 0.2390625 0.0375 0.0828125 0.075