47 0.8390625 0.4078125 0.075 0.0875
47 0.778125 0.40703125 0.071875 0.0890625
47 0.98671875 0.415625 0.0265625 0.075
47 0.32734375 0.3734375 0.0734375 0.090625
47 0.46015625 0.3828125 0.0703125 0.0875
47 0.2546875 0.3640625 0.071875 0.0875
47 0.9515625 0.4109375 0.06875 0.078125
47 0.18359375 0.36875 0.0734375 0.096875
47 0.58984375 0.38828125 0.0671875 0.0828125
47 0.39609375 0.37265625 0.0703125 0.0859375
47 0.525 0.38671875 0.065625 0.0828125
47 0.715625 0.39609375 0.06875 0.0828125
47 0.653125 0.39453125 0.065625 0.0828125
47 0.90078125 0.4 0.0703125 0.078125
47 0.1109375 0.35859375 0.075 0.0984375