47 0.621875 0.47890625 0.1125 0.1359375
47 0.2765625 0.55703125 0.128125 0.1609375
47 0.47421875 0.59296875 0.1234375 0.1578125
47 0.1703125 0.53671875 0.146875 0.1796875
47 0.38125 0.57421875 0.121875 0.1546875
47 0.53203125 0.45703125 0.1015625 0.1328125
47 0.66015625 0.62109375 0.1390625 0.1671875
35 0.35859375 0.42109375 0.1046875 0.1328125
47 0.75234375 0.640625 0.1390625 0.1625
47 0.446875 0.4453125 0.109375 0.140625
37 0.69921875 0.49375 0.0921875 0.125
47 0.5703125 0.60234375 0.125 0.1578125
37 0.78046875 0.50703125 0.0953125 0.1203125
35 0.26171875 0.40390625 0.1171875 0.1453125
35 0.1640625 0.37890625 0.103125 0.1359375
37 0.85703125 0.5203125 0.0890625 0.109375
40 0.35 0.01796875 0.096875 0.0359375