47 0.2671875 0.49609375 0.08125 0.1109375
47 0.38984375 0.52890625 0.0828125 0.1140625
47 0.5125 0.55625 0.08125 0.1125
47 0.6328125 0.5859375 0.078125 0.109375
47 0.20546875 0.48125 0.0828125 0.115625
47 0.56796875 0.56953125 0.0796875 0.1140625
47 0.86875 0.64140625 0.078125 0.1109375
47 0.45 0.5421875 0.08125 0.1125
47 0.6921875 0.59921875 0.078125 0.1109375
47 0.084375 0.4421875 0.08125 0.115625
47 0.32890625 0.5125 0.0765625 0.109375
47 0.75078125 0.6125 0.0765625 0.109375
47 0.14609375 0.46484375 0.0796875 0.1140625
47 0.809375 0.62578125 0.071875 0.1078125