47 0.890625 0.453125 0.05625 0.065625
47 0.671875 0.4640625 0.05625 0.0671875
47 0.175 0.628125 0.0671875 0.0859375
47 0.7828125 0.4625 0.0578125 0.065625
47 0.24375 0.640625 0.06875 0.096875
39 0.39453125 0.49375 0.0515625 0.0640625
47 0.728125 0.465625 0.0578125 0.065625
47 0.0390625 0.646875 0.071875 0.0953125
47 0.8375 0.4578125 0.053125 0.065625
47 0.1078125 0.62890625 0.0734375 0.0890625
39 0.334375 0.5 0.05625 0.0734375
47 0.61875 0.475 0.0515625 0.0671875
38 0.5640625 0.4796875 0.046875 0.0609375
38 0.509375 0.4859375 0.046875 0.0625
38 0.45234375 0.49375 0.0484375 0.0625
47 0.31015625 0.621875 0.0703125 0.0984375