47 0.778125 0.3921875 0.059375 0.075
47 0.72109375 0.390625 0.0609375 0.075
47 0.6015625 0.396875 0.05625 0.075
47 0.54140625 0.39765625 0.0546875 0.0765625
47 0.95 0.38828125 0.0625 0.0765625
47 0.83515625 0.39375 0.0578125 0.075
47 0.66328125 0.396875 0.0546875 0.075
47 0.02421875 0.42109375 0.0484375 0.0890625
37 0.221875 0.41328125 0.05625 0.0796875
37 0.2875 0.4078125 0.05625 0.08125
37 0.15546875 0.41875 0.0546875 0.078125
37 0.08515625 0.4203125 0.0546875 0.08125
40 0.35625 0.4078125 0.0625 0.084375
40 0.41875 0.40546875 0.059375 0.0828125
47 0.88984375 0.3921875 0.0609375 0.075
40 0.48203125 0.4 0.0578125 0.08125