36 0.61171875 0.45 0.0515625 0.0625
47 0.72890625 0.45 0.0546875 0.071875
36 0.4921875 0.453125 0.05 0.059375
36 0.66953125 0.4484375 0.0515625 0.0625
36 0.5515625 0.4515625 0.05 0.05625
47 0.784375 0.45 0.05625 0.071875
47 0.109375 0.46875 0.0625 0.084375
47 0.23984375 0.4578125 0.0609375 0.078125
47 0.17578125 0.45703125 0.0640625 0.0828125
47 0.84375 0.44921875 0.053125 0.0703125
47 0.94921875 0.446875 0.0546875 0.06875
47 0.89453125 0.45 0.0546875 0.071875
47 0.37109375 0.45703125 0.0578125 0.0734375
47 0.43359375 0.45625 0.0515625 0.071875
47 0.30390625 0.45546875 0.0546875 0.0734375
47 0.034375 0.46953125 0.06875 0.0921875