83 0.61640625 0.14453125 0.0453125 0.0453125
69 0.9328125 0.5171875 0.065625 0.075
74 0.2859375 0.44375 0.06875 0.084375
69 0.834375 0.5046875 0.0625 0.075
69 0.890625 0.50859375 0.0625 0.0734375
79 0.57421875 0.134375 0.0453125 0.046875
85 0.78515625 0.4984375 0.0640625 0.075
74 0.221875 0.43515625 0.071875 0.0859375
74 0.34609375 0.45234375 0.0671875 0.08125
68 0.62734375 0.478125 0.0609375 0.06875
68 0.68125 0.48359375 0.0625 0.0703125
60 0.53515625 0.1265625 0.0453125 0.0453125
68 0.5734375 0.47265625 0.0625 0.0734375
65 0.57109375 0.1765625 0.0453125 0.046875
85 0.734375 0.49140625 0.065625 0.075
62 0.51875 0.471875 0.0625 0.075
62 0.4640625 0.465625 0.0625 0.071875
62 0.40703125 0.45234375 0.0609375 0.06875
47 0.06875 0.41484375 0.078125 0.0890625
63 0.6515625 0.1515625 0.046875 0.046875
47 0.1359375 0.425 0.078125 0.09375
65 0.52890625 0.16796875 0.0453125 0.046875
65 0.4921875 0.1171875 0.046875 0.0484375
81 0.69453125 0.1984375 0.0515625 0.046875
38 0.61328125 0.1859375 0.0453125 0.046875
58 0.571875 0.22734375 0.05 0.0515625
39 0.65078125 0.19140625 0.0421875 0.0453125
63 0.6953125 0.15703125 0.046875 0.0453125