47 0.62734375 0.4578125 0.0609375 0.08125
47 0.690625 0.45703125 0.0625 0.0828125
47 0.5125 0.46875 0.065625 0.0875
47 0.3875 0.48046875 0.065625 0.0921875
47 0.325 0.4828125 0.065625 0.09375
47 0.8046875 0.44453125 0.0625 0.0859375
34 0.19140625 0.49609375 0.0703125 0.0921875
47 0.44921875 0.471875 0.0640625 0.0875
34 0.12421875 0.50390625 0.0703125 0.0921875
47 0.74375 0.45234375 0.059375 0.0828125
34 0.26015625 0.4890625 0.0703125 0.09375
47 0.9046875 0.4359375 0.059375 0.08125
47 0.56953125 0.46171875 0.0640625 0.0859375
47 0.85625 0.4421875 0.0625 0.084375
47 0.05234375 0.51328125 0.0796875 0.0984375