47 0.7890625 0.3375 0.05 0.0703125
47 0.2125 0.3640625 0.0609375 0.08125
47 0.440625 0.35703125 0.0515625 0.0734375
47 0.55390625 0.35234375 0.0546875 0.0734375
47 0.7265625 0.340625 0.0546875 0.071875
47 0.840625 0.334375 0.0484375 0.065625
47 0.4984375 0.353125 0.053125 0.071875
47 0.30703125 0.36171875 0.0546875 0.0765625
47 0.67421875 0.34453125 0.0515625 0.0703125
47 0.1484375 0.3671875 0.05625 0.0796875
47 0.0796875 0.37421875 0.059375 0.0828125
47 0.3671875 0.36015625 0.053125 0.0765625
47 0.890625 0.3328125 0.0515625 0.0671875
47 0.61875 0.3484375 0.053125 0.075