83 0.4859375 0.5390625 0.1109375 0.0828125
83 0.6828125 0.47109375 0.1125 0.075
80 0.39375 0.45390625 0.1 0.06875
79 0.3109375 0.46796875 0.1 0.0734375
84 0.56328125 0.51015625 0.1140625 0.078125
80 0.63984375 0.3671875 0.1015625 0.0578125
84 0.753125 0.453125 0.1125 0.071875
37 0.1484375 0.5703125 0.109375 0.075
37 0.246875 0.5671875 0.103125 0.075
79 0.5765625 0.3875 0.0984375 0.0609375
81 0.70703125 0.34453125 0.1078125 0.05625
78 0.225 0.48125 0.0984375 0.0734375
82 0.39140625 0.5578125 0.1109375 0.0890625
85 0.8359375 0.43203125 0.11875 0.06875