47 0.590625 0.5484375 0.225 0.159375
47 0.43046875 0.25703125 0.2296875 0.1640625
36 0.21640625 0.21328125 0.2359375 0.1640625
47 0.403125 0.378125 0.228125 0.15625
47 0.790625 0.7140625 0.228125 0.159375
47 0.86015625 0.33671875 0.2234375 0.1453125
37 0.8328125 0.46015625 0.215625 0.1421875
35 0.80859375 0.58515625 0.2171875 0.1453125
47 0.63984375 0.29453125 0.2140625 0.1453125
47 0.18984375 0.33671875 0.2203125 0.1453125
47 0.165625 0.459375 0.21875 0.1375
47 0.37890625 0.503125 0.2078125 0.14375
47 0.3984375 0.38046875 0.20625 0.1421875
47 0.61484375 0.42265625 0.2109375 0.1421875
47 0.1453125 0.584375 0.2125 0.134375
47 0.3578125 0.63046875 0.209375 0.1421875
47 0.571875 0.66953125 0.209375 0.1359375