47 0.746875 0.546875 0.0515625 0.08125
47 0.2328125 0.5640625 0.05 0.0828125
47 0.571875 0.55 0.05 0.0828125
47 0.80625 0.5453125 0.053125 0.0828125
47 0.6875 0.546875 0.053125 0.08125
47 0.0640625 0.571875 0.05 0.084375
47 0.63125 0.546875 0.05 0.08125
47 0.12109375 0.57109375 0.0515625 0.0828125
47 0.515625 0.5515625 0.05 0.0828125
47 0.2890625 0.5625 0.05 0.08125
47 0.40234375 0.559375 0.0453125 0.08125
47 0.45859375 0.55546875 0.0453125 0.0796875
47 0.34609375 0.56015625 0.0453125 0.0796875
35 0.92421875 0.5359375 0.0515625 0.075
47 0.1765625 0.5671875 0.0484375 0.0828125
35 0.8671875 0.54140625 0.05 0.0734375