36 0.21875 0.55078125 0.0375 0.0703125
36 0.26796875 0.5515625 0.0390625 0.06875
36 0.3171875 0.55078125 0.040625 0.0671875
47 0.60546875 0.5546875 0.0421875 0.071875
47 0.0796875 0.54453125 0.046875 0.0734375
47 0.36640625 0.553125 0.0421875 0.071875
47 0.12265625 0.55078125 0.0453125 0.0765625
47 0.41171875 0.553125 0.0390625 0.06875
47 0.76015625 0.55625 0.0453125 0.071875
47 0.70859375 0.55625 0.0421875 0.071875
47 0.46171875 0.5546875 0.0421875 0.06875
47 0.65703125 0.5546875 0.0421875 0.071875
47 0.55859375 0.553125 0.0421875 0.071875
47 0.50859375 0.5546875 0.0421875 0.071875
47 0.81328125 0.5578125 0.0453125 0.071875
47 0.86484375 0.55546875 0.0453125 0.0734375
47 0.17109375 0.5515625 0.0453125 0.075