36 0.2203125 0.5546875 0.0375 0.0703125
36 0.26875 0.5546875 0.0375 0.06875
36 0.31796875 0.55390625 0.0390625 0.0671875
47 0.60625 0.553125 0.040625 0.071875
47 0.0796875 0.55078125 0.0453125 0.0734375
47 0.3671875 0.5546875 0.0421875 0.071875
47 0.1234375 0.55625 0.04375 0.075
47 0.41328125 0.5546875 0.0390625 0.06875
47 0.7609375 0.5515625 0.04375 0.071875
47 0.709375 0.5515625 0.0421875 0.071875
47 0.4625 0.55625 0.040625 0.06875
47 0.6578125 0.55234375 0.0421875 0.0703125
47 0.559375 0.5515625 0.0390625 0.071875
47 0.509375 0.5546875 0.040625 0.071875
47 0.8140625 0.5515625 0.04375 0.0703125
47 0.865625 0.5484375 0.04375 0.0734375
47 0.17265625 0.55625 0.0421875 0.075