36 0.23125 0.59765625 0.046875 0.0734375
36 0.28046875 0.59140625 0.0484375 0.0734375
36 0.328125 0.5828125 0.05 0.071875
47 0.61328125 0.53515625 0.0515625 0.0765625
47 0.09375 0.61640625 0.05625 0.0796875
47 0.37734375 0.57578125 0.0515625 0.0765625
47 0.13671875 0.61640625 0.0546875 0.0828125
47 0.42265625 0.5671875 0.0484375 0.071875
47 0.76640625 0.5109375 0.0546875 0.078125
47 0.71484375 0.51875 0.0515625 0.078125
47 0.47109375 0.5609375 0.0515625 0.075
47 0.66484375 0.52734375 0.0515625 0.0765625
47 0.56640625 0.54140625 0.0515625 0.0765625
47 0.51796875 0.55234375 0.0515625 0.0765625
47 0.81796875 0.5015625 0.0546875 0.078125
47 0.86796875 0.490625 0.0546875 0.078125
47 0.18515625 0.6078125 0.0546875 0.08125