40 0.0953125 0.60703125 0.06875 0.1109375
47 0.4578125 0.64140625 0.053125 0.1140625
47 0.3359375 0.6328125 0.05625 0.115625
47 0.396875 0.634375 0.05625 0.11875
40 0.0359375 0.60078125 0.065625 0.1078125
47 0.153125 0.6109375 0.0640625 0.109375
47 0.52421875 0.6359375 0.0546875 0.1140625
47 0.5828125 0.62578125 0.0578125 0.1140625
47 0.275 0.62890625 0.0609375 0.1109375
47 0.70234375 0.57109375 0.0578125 0.1078125
47 0.21640625 0.6015625 0.0578125 0.1078125
47 0.64609375 0.6203125 0.0546875 0.1140625
47 0.76875 0.5796875 0.059375 0.1125
47 0.8328125 0.571875 0.0546875 0.109375
47 0.89609375 0.57421875 0.0671875 0.1109375