47 0.84296875 0.490625 0.0671875 0.071875
47 0.78515625 0.4890625 0.0640625 0.071875
47 0.73125 0.49609375 0.0625 0.0671875
47 0.6734375 0.4921875 0.059375 0.0625
47 0.3796875 0.49609375 0.059375 0.0734375
47 0.31796875 0.5015625 0.0609375 0.075
37 0.05 0.51015625 0.053125 0.0765625
35 0.184375 0.5046875 0.059375 0.06875
47 0.50078125 0.48828125 0.0546875 0.0671875
47 0.56015625 0.48984375 0.0578125 0.0703125
35 0.25390625 0.50078125 0.0609375 0.0703125
37 0.11875 0.50859375 0.053125 0.0734375
47 0.61640625 0.48828125 0.0546875 0.0671875
47 0.43984375 0.4921875 0.0546875 0.06875