47 0.84296875 0.47890625 0.0640625 0.0703125
47 0.78359375 0.47890625 0.0609375 0.0703125
47 0.73125 0.4875 0.059375 0.065625
47 0.67265625 0.4859375 0.0578125 0.0625
47 0.3796875 0.5 0.05625 0.0734375
47 0.31796875 0.50703125 0.0578125 0.0734375
37 0.05 0.52578125 0.05 0.0734375
35 0.18515625 0.51484375 0.0578125 0.0671875
47 0.5 0.4875 0.053125 0.0671875
47 0.559375 0.48828125 0.0546875 0.0671875
35 0.2546875 0.509375 0.059375 0.06875
37 0.11953125 0.521875 0.0515625 0.071875
47 0.615625 0.484375 0.053125 0.065625
47 0.440625 0.49453125 0.053125 0.0671875