47 0.39375 0.4765625 0.075 0.090625
47 0.5953125 0.4328125 0.065625 0.084375
47 0.52578125 0.446875 0.0703125 0.0875
47 0.32578125 0.49921875 0.0734375 0.0921875
35 0.78671875 0.38828125 0.0609375 0.0703125
35 0.846875 0.375 0.059375 0.06875
47 0.25234375 0.51328125 0.0765625 0.0953125
47 0.184375 0.5328125 0.071875 0.084375
47 0.11015625 0.54453125 0.0703125 0.0828125
35 0.9140625 0.35703125 0.0625 0.0796875
47 0.72265625 0.40390625 0.0671875 0.0828125
47 0.03828125 0.56328125 0.0640625 0.0859375
47 0.6578125 0.41796875 0.0625 0.0796875
47 0.459375 0.4625 0.071875 0.090625