47 0.5453125 0.33828125 0.0625 0.0796875
47 0.3890625 0.3578125 0.071875 0.096875
47 0.303125 0.3609375 0.071875 0.096875
47 0.621875 0.3359375 0.06875 0.084375
47 0.471875 0.35390625 0.06875 0.0953125
47 0.121875 0.36875 0.065625 0.1
47 0.2171875 0.3703125 0.078125 0.1
47 0.7015625 0.35390625 0.05625 0.0859375
47 0.7703125 0.34921875 0.065625 0.0828125
47 0.84453125 0.3515625 0.0609375 0.084375
47 0.9140625 0.353125 0.065625 0.084375
34 0.3375 0.5984375 0.08125 0.115625
34 0.440625 0.5890625 0.06875 0.10625
34 0.5375 0.5765625 0.065625 0.10625