36 0.44765625 0.49765625 0.0765625 0.0921875
36 0.52890625 0.5078125 0.0765625 0.090625
36 0.36953125 0.4890625 0.0703125 0.090625
47 0.73828125 0.42734375 0.0859375 0.1046875
47 0.96796875 0.56328125 0.0640625 0.0984375
47 0.90390625 0.55703125 0.0796875 0.1046875
47 0.6703125 0.4234375 0.084375 0.10625
47 0.8296875 0.54453125 0.078125 0.1046875
34 0.678125 0.52734375 0.078125 0.1015625
34 0.75078125 0.534375 0.0796875 0.1
34 0.6046875 0.5203125 0.078125 0.1
40 0.59375 0.4140625 0.0875 0.10625
40 0.52421875 0.40625 0.0859375 0.10625
36 0.28515625 0.475 0.0734375 0.09375
47 0.06875 0.465625 0.1125 0.134375
40 0.45 0.39609375 0.084375 0.1078125