47 0.5640625 0.5 0.0515625 0.0859375
47 0.740625 0.509375 0.053125 0.0828125
47 0.50234375 0.4984375 0.0515625 0.0875
47 0.43828125 0.49765625 0.0546875 0.0890625
47 0.68046875 0.50390625 0.0515625 0.0828125
47 0.6171875 0.5015625 0.0515625 0.084375
47 0.37578125 0.49609375 0.0546875 0.0890625
47 0.303125 0.4890625 0.0625 0.090625
47 0.7890625 0.5046875 0.053125 0.078125
47 0.2296875 0.48828125 0.0625 0.0921875
47 0.0828125 0.4828125 0.0609375 0.096875
36 0.8953125 0.50859375 0.046875 0.0703125
36 0.8484375 0.5140625 0.0453125 0.06875
47 0.1546875 0.4890625 0.05625 0.0953125