47 0.0453125 0.65 0.065625 0.10625
39 0.74609375 0.44375 0.0609375 0.075
47 0.5875 0.496875 0.06875 0.090625
39 0.6953125 0.4609375 0.0625 0.075
47 0.1703125 0.6171875 0.071875 0.1
47 0.41484375 0.540625 0.0671875 0.090625
47 0.2953125 0.578125 0.071875 0.090625
47 0.35546875 0.56015625 0.0703125 0.0953125
47 0.534375 0.5109375 0.065625 0.090625
47 0.64140625 0.48046875 0.0671875 0.0890625
47 0.23359375 0.6 0.0703125 0.096875
47 0.47421875 0.52734375 0.0703125 0.0890625
47 0.10703125 0.63515625 0.0703125 0.0984375
47 0.803125 0.43046875 0.06875 0.0859375
47 0.903125 0.4 0.06875 0.0875
47 0.85234375 0.41484375 0.0703125 0.0890625