36 0.76015625 0.44140625 0.0640625 0.0890625
47 0.6390625 0.465625 0.06875 0.096875
36 0.8203125 0.42890625 0.065625 0.0953125
47 0.578125 0.48046875 0.06875 0.0953125
47 0.70078125 0.45078125 0.0671875 0.0953125
36 0.87734375 0.41328125 0.0671875 0.0921875
47 0.159375 0.5765625 0.071875 0.103125
47 0.51953125 0.49453125 0.0671875 0.0953125
47 0.09453125 0.5921875 0.0703125 0.1
47 0.340625 0.53515625 0.06875 0.0984375
47 0.40078125 0.5234375 0.0703125 0.096875
47 0.46015625 0.509375 0.0671875 0.096875
47 0.21875 0.56484375 0.071875 0.1046875
47 0.28125 0.55078125 0.071875 0.1046875