47 0.80625 0.51875 0.059375 0.09375
47 0.590625 0.5171875 0.05 0.0859375
37 0.6421875 0.5171875 0.0515625 0.0859375
37 0.6953125 0.51953125 0.0515625 0.0859375
47 0.4875 0.51484375 0.046875 0.0828125
37 0.75 0.5203125 0.053125 0.0890625
47 0.5390625 0.515625 0.0484375 0.084375
47 0.33125 0.5109375 0.046875 0.0828125
47 0.384375 0.5140625 0.046875 0.0828125
47 0.1765625 0.5078125 0.0453125 0.08125
47 0.434375 0.5125 0.0484375 0.0828125
47 0.2765625 0.51171875 0.046875 0.0828125
47 0.07265625 0.50546875 0.0421875 0.0828125
47 0.1265625 0.50625 0.046875 0.08125
47 0.22578125 0.51015625 0.0453125 0.0828125