47 0.39140625 0.5328125 0.0515625 0.078125
47 0.4421875 0.53828125 0.05 0.0796875
47 0.496875 0.5453125 0.05625 0.08125
47 0.709375 0.56875 0.059375 0.08125
47 0.06640625 0.50078125 0.0640625 0.0890625
47 0.12109375 0.50625 0.0578125 0.084375
47 0.86875 0.5875 0.059375 0.08125
47 0.2828125 0.52265625 0.053125 0.0765625
47 0.6015625 0.553125 0.05625 0.078125
47 0.228125 0.51640625 0.053125 0.0796875
47 0.33671875 0.52734375 0.0515625 0.0765625
47 0.17578125 0.51015625 0.0546875 0.0828125
47 0.7640625 0.575 0.053125 0.075
47 0.81875 0.5828125 0.05625 0.08125
47 0.65703125 0.5640625 0.0546875 0.078125
47 0.54765625 0.55078125 0.0546875 0.0796875