47 0.80390625 0.5390625 0.0640625 0.096875
47 0.58828125 0.52421875 0.0546875 0.0890625
37 0.63984375 0.52890625 0.0578125 0.0890625
37 0.69375 0.53359375 0.05625 0.0890625
47 0.4875 0.5140625 0.053125 0.0875
37 0.7484375 0.5375 0.059375 0.090625
47 0.5390625 0.51796875 0.053125 0.0859375
47 0.33125 0.5 0.053125 0.084375
47 0.3828125 0.50625 0.053125 0.084375
47 0.1765625 0.48515625 0.05 0.0828125
47 0.434375 0.5078125 0.053125 0.084375
47 0.2765625 0.4953125 0.053125 0.0875
47 0.07421875 0.47578125 0.0484375 0.0859375
47 0.1265625 0.48125 0.053125 0.084375
47 0.22578125 0.490625 0.0515625 0.084375