39 0.3390625 0.55546875 0.071875 0.0984375
47 0.7921875 0.44375 0.065625 0.09375
47 0.74609375 0.453125 0.0671875 0.09375
47 0.11640625 0.60859375 0.0765625 0.1046875
47 0.8390625 0.43046875 0.0625 0.0921875
47 0.5453125 0.5015625 0.06875 0.090625
39 0.2265625 0.58203125 0.075 0.1015625
47 0.4921875 0.515625 0.071875 0.096875
47 0.38984375 0.5421875 0.0703125 0.096875
47 0.44375 0.5296875 0.071875 0.096875
47 0.171875 0.59609375 0.075 0.1015625
47 0.64609375 0.478125 0.0671875 0.09375
47 0.59609375 0.4890625 0.0640625 0.0875
47 0.6953125 0.465625 0.065625 0.09375
39 0.2828125 0.571875 0.075 0.103125
47 0.40703125 0.0515625 0.0828125 0.096875