47 0.28125 0.4875 0.0421875 0.071875
47 0.60078125 0.484375 0.0390625 0.06875
47 0.1203125 0.490625 0.05 0.078125
47 0.1734375 0.4859375 0.04375 0.0765625
47 0.8640625 0.4875 0.0453125 0.06875
47 0.440625 0.484375 0.0390625 0.0703125
47 0.2265625 0.4890625 0.04375 0.075
47 0.065625 0.4890625 0.05 0.0765625
47 0.54765625 0.484375 0.0390625 0.06875
38 0.7078125 0.4859375 0.0421875 0.06875
47 0.33671875 0.4875 0.0421875 0.071875
38 0.7609375 0.48359375 0.040625 0.0671875
38 0.65234375 0.4828125 0.0421875 0.065625
47 0.8140625 0.4859375 0.040625 0.0671875
47 0.38828125 0.48515625 0.0390625 0.0703125
47 0.49375 0.4890625 0.0390625 0.065625