39 0.3296875 0.4859375 0.06875 0.096875
47 0.790625 0.5671875 0.0625 0.09375
47 0.74375 0.55703125 0.065625 0.0921875
47 0.1046875 0.44375 0.075 0.103125
47 0.83828125 0.57421875 0.0609375 0.0921875
47 0.540625 0.51953125 0.065625 0.0890625
39 0.21640625 0.46328125 0.0734375 0.1015625
47 0.4875 0.51015625 0.06875 0.0953125
47 0.38359375 0.49296875 0.0671875 0.0953125
47 0.4359375 0.50390625 0.06875 0.0953125
47 0.1609375 0.45390625 0.071875 0.1015625
47 0.64296875 0.53984375 0.0640625 0.0921875
47 0.59140625 0.52890625 0.0609375 0.0859375
47 0.69296875 0.54765625 0.0640625 0.0921875
39 0.27109375 0.47734375 0.0734375 0.1015625
47 0.596875 0.05234375 0.08125 0.0953125