47 0.7453125 0.53203125 0.053125 0.0796875
47 0.61171875 0.51953125 0.0515625 0.0796875
47 0.1609375 0.47109375 0.05625 0.0828125
47 0.790625 0.5375 0.053125 0.08125
47 0.34453125 0.48984375 0.0546875 0.0796875
47 0.06796875 0.46171875 0.0578125 0.0859375
47 0.11484375 0.46640625 0.0578125 0.0828125
47 0.565625 0.5140625 0.053125 0.078125
47 0.20625 0.47734375 0.05625 0.0828125
47 0.7046875 0.52734375 0.053125 0.0796875
47 0.52578125 0.51015625 0.0515625 0.0796875
47 0.6578125 0.5234375 0.053125 0.078125
47 0.253125 0.48046875 0.05625 0.0828125
38 0.38828125 0.49453125 0.0515625 0.0796875
38 0.4359375 0.50078125 0.053125 0.0796875
47 0.296875 0.48515625 0.05625 0.0796875
38 0.48125 0.50546875 0.053125 0.0796875
47 0.834375 0.53984375 0.053125 0.0796875
47 0.30078125 0.00859375 0.0578125 0.0171875
37 0.28359375 0.09765625 0.0609375 0.0609375