47 0.80625 0.48046875 0.06875 0.0984375
47 0.5921875 0.5078125 0.059375 0.090625
37 0.6421875 0.50078125 0.0625 0.0921875
37 0.69609375 0.49609375 0.0609375 0.0921875
47 0.4890625 0.51640625 0.05625 0.0890625
37 0.75078125 0.490625 0.0640625 0.09375
47 0.540625 0.5109375 0.05625 0.0875
47 0.334375 0.53203125 0.05625 0.0859375
47 0.3859375 0.52890625 0.05625 0.0859375
47 0.1796875 0.546875 0.053125 0.084375
47 0.43828125 0.52109375 0.0578125 0.0859375
47 0.2796875 0.53828125 0.05625 0.0890625
47 0.07734375 0.5578125 0.0515625 0.0875
47 0.1296875 0.55234375 0.05625 0.0859375
47 0.22890625 0.54296875 0.0546875 0.0859375