47 0.39609375 0.5484375 0.0421875 0.075
47 0.4484375 0.546875 0.040625 0.075
47 0.503125 0.5453125 0.046875 0.075
47 0.7171875 0.5390625 0.05 0.075
47 0.0703125 0.56015625 0.053125 0.0828125
47 0.1265625 0.559375 0.046875 0.078125
47 0.8765625 0.53515625 0.05 0.0765625
47 0.28828125 0.5515625 0.0421875 0.0703125
47 0.6078125 0.5390625 0.046875 0.071875
47 0.2328125 0.553125 0.04375 0.075
47 0.340625 0.55 0.0421875 0.071875
47 0.1796875 0.55546875 0.0453125 0.0765625
47 0.77265625 0.5375 0.0453125 0.06875
47 0.8265625 0.5375 0.046875 0.075
47 0.6625 0.540625 0.04375 0.0734375
47 0.5546875 0.54375 0.046875 0.075