47 0.4109375 0.571875 0.059375 0.08125
47 0.46171875 0.55703125 0.0578125 0.0828125
47 0.51484375 0.54375 0.0640625 0.084375
47 0.71953125 0.4859375 0.0671875 0.084375
47 0.0984375 0.6625 0.071875 0.09375
47 0.15078125 0.6484375 0.0640625 0.0875
47 0.87421875 0.44296875 0.0671875 0.0859375
47 0.30625 0.60234375 0.059375 0.0796875
47 0.6140625 0.5109375 0.0625 0.08125
47 0.25390625 0.61640625 0.0609375 0.0828125
47 0.35859375 0.58671875 0.0578125 0.0796875
47 0.20234375 0.63046875 0.0609375 0.0859375
47 0.7734375 0.4703125 0.059375 0.078125
47 0.82578125 0.45625 0.0640625 0.084375
47 0.66796875 0.5 0.0609375 0.08125
47 0.5625 0.52890625 0.0625 0.0828125