47 0.2078125 0.29375 0.10625 0.06875
47 0.090625 0.22109375 0.115625 0.0671875
47 0.15625 0.25859375 0.1125 0.0703125
35 0.7484375 0.640625 0.06875 0.078125
35 0.68203125 0.60859375 0.0796875 0.0921875
38 0.871875 0.7234375 0.075 0.090625
38 0.8125 0.6875 0.078125 0.09375
38 0.9328125 0.7546875 0.0609375 0.075
47 0.6265625 0.5625 0.059375 0.06875
47 0.565625 0.5296875 0.0546875 0.075
47 0.5046875 0.4921875 0.0578125 0.0625
47 0.44765625 0.4546875 0.0546875 0.06875
47 0.3890625 0.4046875 0.071875 0.06875
47 0.3234375 0.3703125 0.0703125 0.065625
47 0.259375 0.3265625 0.084375 0.0625