47 0.26484375 0.8375 0.1046875 0.1796875
35 0.6234375 0.3734375 0.09375 0.125
47 0.1875 0.25546875 0.0953125 0.1109375
47 0.3703125 0.8265625 0.103125 0.184375
47 0.2671875 0.2546875 0.0875 0.1125
47 0.1078125 0.25390625 0.096875 0.1109375
47 0.7796875 0.64921875 0.1078125 0.1546875
47 0.6890625 0.67578125 0.1 0.1578125
47 0.46875 0.64375 0.1 0.1609375
35 0.4578125 0.34375 0.084375 0.121875
47 0.18515625 0.66796875 0.0984375 0.1578125
47 0.378125 0.65625 0.1 0.165625
47 0.5953125 0.64765625 0.096875 0.1546875
35 0.54375 0.38125 0.0890625 0.1296875
40 0.8375 0.4234375 0.1046875 0.13125
47 0.2828125 0.665625 0.096875 0.1609375
40 0.7625 0.465625 0.109375 0.146875
47 0.1578125 0.83828125 0.10625 0.1796875
47 0.38125 0.2390625 0.125 0.1390625