47 0.21484375 0.284375 0.1078125 0.071875
47 0.10078125 0.2078125 0.1171875 0.071875
47 0.1640625 0.24765625 0.115625 0.0734375
35 0.74375 0.65 0.071875 0.08125
35 0.678125 0.61484375 0.084375 0.0953125
38 0.8640625 0.7359375 0.078125 0.09375
38 0.8046875 0.6984375 0.08125 0.096875
38 0.9234375 0.76953125 0.0625 0.0765625
47 0.625 0.56796875 0.0625 0.0703125
47 0.565625 0.53203125 0.059375 0.0765625
47 0.50546875 0.49296875 0.0578125 0.0640625
47 0.44921875 0.45390625 0.0578125 0.0703125
47 0.39296875 0.40078125 0.0734375 0.0703125
47 0.32890625 0.3640625 0.0734375 0.06875
47 0.26640625 0.3171875 0.0859375 0.065625