47 0.6984375 0.3109375 0.08125 0.09375
47 0.759375 0.29296875 0.08125 0.0953125
47 0.26015625 0.45859375 0.0828125 0.0984375
47 0.19140625 0.47734375 0.0859375 0.1015625
47 0.8609375 0.25390625 0.071875 0.0828125
47 0.32578125 0.43125 0.0796875 0.09375
47 0.1203125 0.50703125 0.0875 0.1078125
47 0.9203125 0.2375 0.075 0.084375
47 0.04609375 0.53046875 0.0859375 0.1109375
47 0.39609375 0.4140625 0.0796875 0.09375
47 0.45859375 0.3921875 0.0765625 0.090625
47 0.63828125 0.33125 0.0734375 0.0875
47 0.51796875 0.3671875 0.0765625 0.090625
47 0.58046875 0.35078125 0.0734375 0.0859375
47 0.809375 0.25859375 0.075 0.0859375