47 0.8203125 0.35625 0.065625 0.08125
47 0.759375 0.36484375 0.0625 0.0828125
47 0.97890625 0.33984375 0.0390625 0.0703125
47 0.31015625 0.4015625 0.0640625 0.084375
47 0.44296875 0.390625 0.0609375 0.08125
47 0.2375 0.4046875 0.0625 0.08125
47 0.93203125 0.3421875 0.0609375 0.071875
47 0.1671875 0.41875 0.0625 0.090625
47 0.5703125 0.37578125 0.059375 0.0765625
47 0.37734375 0.39140625 0.0609375 0.0796875
47 0.50703125 0.38359375 0.0578125 0.0765625
47 0.69609375 0.36484375 0.0609375 0.0765625
47 0.63359375 0.37265625 0.0578125 0.0765625
47 0.8796875 0.3375 0.0625 0.071875
47 0.09453125 0.42109375 0.0640625 0.0921875