47 0.290625 0.5109375 0.078125 0.1
34 0.47890625 0.56875 0.0921875 0.121875
47 0.3609375 0.49140625 0.078125 0.0984375
39 0.80625 0.375 0.0625 0.075
39 0.8609375 0.36015625 0.065625 0.0796875
34 0.5421875 0.5296875 0.08125 0.1
34 0.61171875 0.52265625 0.0765625 0.0953125
38 0.7484375 0.38671875 0.065625 0.0828125
47 0.22265625 0.52265625 0.0765625 0.0921875
38 0.69140625 0.40390625 0.0671875 0.0859375
38 0.63125 0.41953125 0.06875 0.0828125
47 0.08046875 0.5640625 0.0796875 0.1
47 0.15390625 0.54296875 0.0765625 0.0984375
47 0.428125 0.47578125 0.084375 0.1015625