47 0.3765625 0.7515625 0.1125 0.10625
47 0.171875 0.8765625 0.10625 0.1125
47 0.3125 0.79453125 0.109375 0.1078125
47 0.44765625 0.70703125 0.1140625 0.1046875
47 0.859375 0.4203125 0.115625 0.0625
47 0.2421875 0.8390625 0.10625 0.1125
47 0.50625 0.65546875 0.115625 0.0921875
47 0.91484375 0.38203125 0.1140625 0.0578125
47 0.56328125 0.61328125 0.0921875 0.0546875
47 0.63671875 0.58125 0.0890625 0.05
47 0.69765625 0.53984375 0.0984375 0.0578125
47 0.75859375 0.49453125 0.1078125 0.0484375
47 0.81796875 0.46015625 0.1140625 0.0453125
47 0.9515625 0.34296875 0.0875 0.0515625