47 0.3015625 0.43671875 0.084375 0.1046875
34 0.45625 0.55546875 0.1 0.1265625
47 0.3734375 0.4421875 0.084375 0.103125
39 0.83046875 0.49375 0.0671875 0.078125
39 0.88671875 0.49765625 0.0703125 0.0828125
34 0.5296875 0.54296875 0.0875 0.1046875
34 0.59765625 0.5609375 0.0828125 0.1
38 0.7734375 0.48359375 0.071875 0.0859375
47 0.23359375 0.4203125 0.0828125 0.096875
38 0.7140625 0.47890625 0.071875 0.0890625
38 0.6515625 0.47109375 0.075 0.0859375
47 0.08671875 0.40859375 0.0859375 0.1046875
47 0.16171875 0.415625 0.0828125 0.103125
47 0.440625 0.45 0.090625 0.10625