47 0.821875 0.3625 0.0640625 0.08125
47 0.7625 0.36875 0.0625 0.08125
47 0.98125 0.34765625 0.0375 0.0703125
47 0.3109375 0.396875 0.0625 0.0828125
47 0.4453125 0.38984375 0.059375 0.0796875
47 0.2390625 0.4 0.0625 0.0796875
47 0.934375 0.34921875 0.059375 0.0703125
47 0.16875 0.4140625 0.0609375 0.090625
47 0.571875 0.378125 0.0578125 0.075
47 0.3796875 0.3890625 0.059375 0.078125
47 0.509375 0.3828125 0.05625 0.0765625
47 0.69921875 0.3671875 0.0578125 0.0765625
47 0.6359375 0.375 0.05625 0.075
47 0.88203125 0.34453125 0.0609375 0.0703125
47 0.0953125 0.4140625 0.0625 0.090625