47 0.89140625 0.459375 0.0578125 0.065625
47 0.67265625 0.46796875 0.0578125 0.0671875
47 0.1734375 0.621875 0.06875 0.0875
47 0.784375 0.46796875 0.059375 0.0671875
47 0.240625 0.63515625 0.06875 0.0984375
39 0.3953125 0.49296875 0.053125 0.0640625
47 0.7296875 0.46953125 0.059375 0.0671875
47 0.0359375 0.6390625 0.071875 0.096875
47 0.83828125 0.4640625 0.0546875 0.065625
47 0.10546875 0.621875 0.0734375 0.090625
39 0.33359375 0.49765625 0.0578125 0.0734375
47 0.61875 0.47890625 0.053125 0.0671875
38 0.56484375 0.48046875 0.0484375 0.0609375
38 0.50859375 0.48515625 0.0484375 0.0640625
38 0.453125 0.49296875 0.05 0.0640625
47 0.30703125 0.61953125 0.0703125 0.0984375