47 0.27421875 0.553125 0.0578125 0.1
47 0.4 0.5546875 0.059375 0.103125
47 0.525 0.5515625 0.0578125 0.1015625
47 0.6484375 0.5515625 0.05625 0.0984375
47 0.209375 0.5515625 0.059375 0.1046875
47 0.5828125 0.5515625 0.0578125 0.103125
47 0.8921875 0.546875 0.05625 0.1015625
47 0.46171875 0.5515625 0.0578125 0.1015625
47 0.709375 0.55 0.05625 0.1015625
47 0.0828125 0.54453125 0.059375 0.1046875
47 0.33671875 0.5546875 0.0546875 0.1
47 0.7703125 0.546875 0.0546875 0.0984375
47 0.146875 0.5515625 0.0578125 0.103125
47 0.8296875 0.546875 0.05 0.0984375