47 0.70859375 0.50859375 0.0640625 0.1046875
47 0.31953125 0.5375 0.0640625 0.109375
47 0.6453125 0.5125 0.0625 0.10625
47 0.77421875 0.50625 0.0609375 0.10625
47 0.38671875 0.534375 0.0671875 0.109375
47 0.58046875 0.5234375 0.0640625 0.10625
47 0.51640625 0.52734375 0.0640625 0.1046875
47 0.89765625 0.496875 0.0640625 0.109375
47 0.453125 0.5296875 0.065625 0.109375
47 0.8359375 0.5046875 0.0625 0.109375
47 0.1796875 0.55 0.065625 0.1125
47 0.25 0.54375 0.065625 0.1125
47 0.1125 0.55234375 0.06875 0.1140625