47 0.7828125 0.40625 0.05625 0.0734375
47 0.725 0.403125 0.0578125 0.071875
47 0.60625 0.40234375 0.0515625 0.0734375
47 0.54765625 0.4 0.0515625 0.075
47 0.95625 0.4109375 0.059375 0.0734375
47 0.83984375 0.4109375 0.0546875 0.071875
47 0.66953125 0.4046875 0.0515625 0.0734375
47 0.02578125 0.39609375 0.0515625 0.0859375
37 0.22734375 0.3984375 0.0515625 0.0765625
37 0.2921875 0.396875 0.053125 0.0796875
37 0.16015625 0.40078125 0.0515625 0.0765625
37 0.0890625 0.396875 0.05 0.0796875
40 0.359375 0.4 0.0578125 0.0796875
40 0.4234375 0.4 0.0546875 0.078125
47 0.89375 0.4125 0.0578125 0.0734375
40 0.4875 0.4 0.0546875 0.078125