47 0.02421875 0.49296875 0.0484375 0.1015625
47 0.471875 0.4 0.059375 0.078125
34 0.7625 0.34140625 0.05625 0.0734375
47 0.646875 0.3671875 0.065625 0.08125
37 0.87265625 0.32421875 0.0515625 0.0671875
34 0.70703125 0.35390625 0.0609375 0.0765625
47 0.2125 0.45234375 0.065625 0.0828125
47 0.0734375 0.48046875 0.084375 0.0984375
47 0.40859375 0.4125 0.0609375 0.08125
47 0.3421875 0.42421875 0.065625 0.0828125
47 0.53125 0.3875 0.05625 0.06875
37 0.81484375 0.33125 0.0546875 0.071875
47 0.278125 0.43671875 0.06875 0.0765625
37 0.925 0.30859375 0.05 0.0703125
47 0.14765625 0.46484375 0.0734375 0.0921875
47 0.590625 0.37578125 0.05625 0.0765625