47 0.7859375 0.75859375 0.059375 0.0984375
47 0.7234375 0.75703125 0.05625 0.0984375
47 0.3125 0.74609375 0.05625 0.0984375
47 0.8421875 0.759375 0.059375 0.1
47 0.43203125 0.74921875 0.0578125 0.0984375
47 0.4921875 0.75390625 0.05625 0.1015625
47 0.1359375 0.74140625 0.05625 0.0984375
47 0.371875 0.7484375 0.05625 0.1
47 0.25390625 0.74609375 0.0578125 0.0984375
47 0.196875 0.74453125 0.05625 0.0984375
47 0.60546875 0.75546875 0.0578125 0.0984375
47 0.66640625 0.75859375 0.0578125 0.0984375
47 0.54765625 0.75078125 0.0578125 0.0984375
47 0.0765625 0.73984375 0.053125 0.0984375
47 0.9046875 0.7609375 0.059375 0.1