47 0.16171875 0.4140625 0.0484375 0.065625
47 0.5671875 0.42265625 0.0515625 0.0640625
47 0.39296875 0.41953125 0.0515625 0.0640625
47 0.04453125 0.41171875 0.0609375 0.0640625
47 0.21875 0.41796875 0.0484375 0.0640625
34 0.9359375 0.4296875 0.053125 0.065625
34 0.875 0.4296875 0.053125 0.0625
47 0.45 0.41875 0.05 0.0625
47 0.2765625 0.41640625 0.046875 0.0640625
47 0.75 0.425 0.0453125 0.0671875
47 0.6265625 0.4234375 0.05 0.0640625
47 0.68984375 0.4234375 0.0453125 0.065625
47 0.8109375 0.42734375 0.0484375 0.0671875
47 0.1015625 0.41640625 0.046875 0.0640625
47 0.5078125 0.4203125 0.0515625 0.0640625
47 0.334375 0.41875 0.0515625 0.0625