47 0.5015625 0.4375 0.046875 0.065625
47 0.2515625 0.44140625 0.053125 0.0640625
47 0.184375 0.4390625 0.053125 0.065625
47 0.3109375 0.4375 0.046875 0.065625
47 0.3796875 0.4359375 0.053125 0.065625
47 0.4390625 0.4359375 0.0515625 0.065625
47 0.6875 0.4375 0.05625 0.0625
47 0.5625 0.43671875 0.05 0.0640625
47 0.74765625 0.4390625 0.0515625 0.059375
47 0.625 0.4375 0.05 0.0625
47 0.11875 0.4421875 0.05625 0.06875
47 0.809375 0.43828125 0.053125 0.0578125
38 0.8734375 0.4390625 0.05 0.0609375
38 0.9359375 0.43828125 0.046875 0.0546875