47 0.3921875 0.48125 0.078125 0.09375
47 0.59296875 0.42890625 0.0671875 0.0859375
47 0.5234375 0.44609375 0.071875 0.0890625
47 0.32578125 0.50625 0.0765625 0.09375
35 0.78203125 0.378125 0.0640625 0.071875
35 0.8421875 0.36171875 0.0625 0.0703125
47 0.25234375 0.52109375 0.0796875 0.0984375
47 0.18515625 0.54296875 0.0734375 0.0859375
47 0.11171875 0.559375 0.0734375 0.084375
35 0.9078125 0.34375 0.065625 0.08125
47 0.71875 0.3953125 0.06875 0.084375
47 0.04140625 0.5796875 0.0671875 0.0875
47 0.65546875 0.4125 0.0640625 0.08125
47 0.459375 0.46328125 0.075 0.0921875