36 0.4296875 0.46875 0.059375 0.071875
36 0.4890625 0.4765625 0.0625 0.071875
47 0.9359375 0.5421875 0.06875 0.078125
34 0.60390625 0.4984375 0.0640625 0.075
47 0.88125 0.53359375 0.065625 0.0765625
34 0.5484375 0.48671875 0.0625 0.0765625
38 0.3703125 0.45625 0.065625 0.078125
38 0.3078125 0.44609375 0.065625 0.0796875
37 0.17734375 0.43203125 0.0640625 0.0828125
37 0.24375 0.440625 0.065625 0.084375
47 0.66015625 0.5046875 0.0640625 0.078125
47 0.82734375 0.5265625 0.0578125 0.06875
47 0.11640625 0.41875 0.0703125 0.0875
47 0.7171875 0.5140625 0.0625 0.071875
47 0.775 0.52109375 0.059375 0.0703125