47 0.2109375 0.48984375 0.075 0.0921875
47 0.140625 0.503125 0.075 0.090625
39 0.5421875 0.42109375 0.059375 0.0703125
39 0.4796875 0.43515625 0.0625 0.0734375
47 0.065625 0.51875 0.078125 0.09375
37 0.72421875 0.3859375 0.0578125 0.071875
39 0.60390625 0.41015625 0.0578125 0.0671875
37 0.6640625 0.4 0.059375 0.075
47 0.4171875 0.4453125 0.06875 0.078125
47 0.88984375 0.35234375 0.0609375 0.0765625
47 0.834375 0.3625 0.0625 0.078125
47 0.3484375 0.4609375 0.071875 0.084375
47 0.7796875 0.3734375 0.0625 0.078125
47 0.28046875 0.475 0.0734375 0.0875