47 0.5609375 0.48359375 0.071875 0.0953125
47 0.73515625 0.4484375 0.0734375 0.09375
47 0.50078125 0.49921875 0.0734375 0.0984375
47 0.43984375 0.5140625 0.0765625 0.1
47 0.675 0.4578125 0.071875 0.09375
47 0.6140625 0.4703125 0.071875 0.09375
47 0.37890625 0.5296875 0.0765625 0.1
47 0.30703125 0.540625 0.0828125 0.103125
47 0.78125 0.43125 0.071875 0.090625
47 0.23515625 0.55859375 0.0828125 0.1046875
47 0.09375 0.590625 0.084375 0.109375
36 0.88359375 0.40625 0.0640625 0.08125
36 0.83984375 0.4234375 0.0609375 0.078125
47 0.16484375 0.5796875 0.0796875 0.10625