36 0.45 0.515625 0.08125 0.096875
36 0.5296875 0.496875 0.08125 0.09375
36 0.3734375 0.534375 0.075 0.09375
47 0.69921875 0.35078125 0.0921875 0.1078125
47 0.9625 0.39921875 0.071875 0.1015625
47 0.89765625 0.41484375 0.0859375 0.1078125
47 0.634375 0.3703125 0.090625 0.109375
47 0.825 0.42890625 0.084375 0.1078125
34 0.6765625 0.46484375 0.084375 0.1046875
34 0.746875 0.44765625 0.084375 0.1046875
34 0.60390625 0.4828125 0.0828125 0.103125
40 0.559375 0.3875 0.09375 0.109375
40 0.48984375 0.403125 0.0921875 0.109375
36 0.28984375 0.5515625 0.0796875 0.096875
47 0.08203125 0.61484375 0.1203125 0.1390625
40 0.4171875 0.41953125 0.090625 0.1109375