47 0.21171875 0.484375 0.0734375 0.090625
47 0.13984375 0.49765625 0.0734375 0.0890625
39 0.54296875 0.421875 0.0578125 0.06875
39 0.48046875 0.4359375 0.0609375 0.071875
47 0.06484375 0.51171875 0.0765625 0.0921875
37 0.725 0.390625 0.05625 0.071875
39 0.6046875 0.4109375 0.05625 0.065625
37 0.6671875 0.4015625 0.059375 0.075
47 0.41875 0.44375 0.06875 0.078125
47 0.8921875 0.3578125 0.059375 0.075
47 0.8375 0.36796875 0.0625 0.0765625
47 0.34921875 0.45859375 0.0703125 0.0828125
47 0.78203125 0.37734375 0.0609375 0.0765625
47 0.28046875 0.47109375 0.0734375 0.0859375