47 0.025 0.49296875 0.05 0.1046875
39 0.75078125 0.52734375 0.0578125 0.0734375
47 0.584375 0.525 0.065625 0.0875
39 0.6984375 0.5265625 0.059375 0.071875
47 0.15078125 0.5046875 0.0671875 0.096875
47 0.40546875 0.509375 0.0640625 0.0875
47 0.28125 0.50703125 0.06875 0.0890625
47 0.34375 0.50859375 0.065625 0.0921875
47 0.52890625 0.52109375 0.0609375 0.0890625
47 0.63984375 0.52734375 0.0640625 0.0859375
47 0.215625 0.5078125 0.065625 0.09375
47 0.4671875 0.51640625 0.065625 0.0859375
47 0.084375 0.5 0.065625 0.096875
47 0.80859375 0.5328125 0.0640625 0.084375
47 0.9140625 0.53671875 0.065625 0.0859375
47 0.8609375 0.53515625 0.065625 0.0859375