47 0.35546875 0.4046875 0.0765625 0.09375
47 0.43046875 0.40390625 0.0734375 0.0890625
34 0.2796875 0.40546875 0.08125 0.0984375
47 0.4953125 0.4078125 0.06875 0.084375
47 0.559375 0.4078125 0.065625 0.084375
47 0.8875 0.415625 0.0625 0.075
34 0.20234375 0.4 0.0796875 0.096875
47 0.61484375 0.4078125 0.0671875 0.078125
38 0.04453125 0.3796875 0.0796875 0.115625
47 0.84296875 0.41640625 0.0609375 0.0703125
47 0.678125 0.41015625 0.065625 0.0765625
47 0.72890625 0.409375 0.0671875 0.078125
38 0.12265625 0.39765625 0.0796875 0.1046875
47 0.7890625 0.4109375 0.065625 0.075