47 0.30625 0.425 0.103125 0.053125
34 0.7859375 0.5734375 0.134375 0.08125
47 0.484375 0.41328125 0.090625 0.0515625
37 0.57265625 0.41484375 0.0890625 0.0515625
34 0.9015625 0.56953125 0.153125 0.0828125
47 0.39296875 0.41640625 0.0921875 0.0515625
34 0.67109375 0.57890625 0.1203125 0.0796875
37 0.6640625 0.41171875 0.096875 0.0515625
47 0.4375 0.58984375 0.115625 0.0828125
47 0.3109375 0.59921875 0.13125 0.0828125
47 0.55390625 0.5859375 0.1171875 0.084375
47 0.21875 0.428125 0.109375 0.053125
47 0.12734375 0.4328125 0.1171875 0.053125
37 0.7515625 0.4046875 0.103125 0.053125
47 0.19609375 0.6125 0.1484375 0.0875