47 0.02421875 0.56015625 0.0484375 0.0984375
39 0.753125 0.4921875 0.05 0.06875
47 0.5859375 0.5125 0.0546875 0.0828125
39 0.6984375 0.49921875 0.0515625 0.0671875
47 0.1546875 0.553125 0.05625 0.090625
47 0.4078125 0.5234375 0.0546875 0.08125
47 0.2828125 0.5375 0.05625 0.0828125
47 0.346875 0.53046875 0.0546875 0.0859375
47 0.53125 0.515625 0.0515625 0.0828125
47 0.6421875 0.5078125 0.0546875 0.08125
47 0.21875 0.546875 0.0546875 0.0890625
47 0.46953125 0.5203125 0.0546875 0.078125
47 0.0875 0.5578125 0.0546875 0.090625
47 0.81015625 0.490625 0.0546875 0.078125
47 0.91484375 0.478125 0.0546875 0.0796875
47 0.86328125 0.4828125 0.0546875 0.0796875