47 0.8 0.47109375 0.046875 0.0609375
47 0.340625 0.51640625 0.05625 0.0734375
47 0.3984375 0.50625 0.05625 0.071875
47 0.21796875 0.5296875 0.0578125 0.078125
47 0.0859375 0.5328125 0.0625 0.078125
47 0.278125 0.521875 0.0578125 0.075
47 0.4546875 0.50546875 0.05 0.0671875
47 0.6109375 0.490625 0.053125 0.065625
47 0.65703125 0.4859375 0.0453125 0.0640625
47 0.8890625 0.4625 0.0546875 0.0625
47 0.8421875 0.4703125 0.0484375 0.0625
47 0.7515625 0.475 0.05 0.065625
47 0.50625 0.49921875 0.05 0.0640625
47 0.15390625 0.5296875 0.0578125 0.078125
47 0.7125 0.48359375 0.0515625 0.0640625
47 0.5578125 0.4953125 0.05 0.065625