47 0.8015625 0.5234375 0.05625 0.06875
47 0.340625 0.48828125 0.06875 0.0828125
47 0.39921875 0.48828125 0.0671875 0.0796875
47 0.21796875 0.48046875 0.0703125 0.0859375
47 0.0859375 0.4609375 0.075 0.0875
47 0.27890625 0.4828125 0.0703125 0.084375
47 0.45546875 0.49765625 0.0609375 0.0734375
47 0.61171875 0.51015625 0.0640625 0.0734375
47 0.6578125 0.51484375 0.05625 0.0703125
47 0.88984375 0.53046875 0.0640625 0.0703125
47 0.84296875 0.53046875 0.0578125 0.0703125
47 0.75234375 0.51953125 0.0609375 0.0734375
47 0.50546875 0.49921875 0.0609375 0.0734375
47 0.153125 0.46953125 0.06875 0.0859375
47 0.71328125 0.52109375 0.0609375 0.0734375
47 0.55859375 0.50546875 0.0609375 0.0734375