47 0.3671875 0.4515625 0.075 0.090625
47 0.1140625 0.421875 0.090625 0.096875
47 0.559375 0.4734375 0.06875 0.090625
47 0.434375 0.459375 0.071875 0.0875
47 0.2390625 0.44140625 0.08125 0.0921875
47 0.1765625 0.4328125 0.090625 0.096875
47 0.30390625 0.44453125 0.0765625 0.0921875
47 0.81015625 0.50625 0.0765625 0.090625
47 0.68359375 0.4875 0.0734375 0.09375
47 0.6203125 0.4796875 0.06875 0.090625
47 0.7453125 0.4984375 0.06875 0.0875
47 0.496875 0.4671875 0.06875 0.0875
36 0.86796875 0.51171875 0.0515625 0.0890625