47 0.80703125 0.453125 0.0671875 0.08125
47 0.63046875 0.47734375 0.0609375 0.0765625
47 0.03828125 0.56796875 0.0734375 0.1015625
47 0.91796875 0.43671875 0.0609375 0.0703125
47 0.31328125 0.5265625 0.0703125 0.09375
47 0.50546875 0.49453125 0.0609375 0.0859375
47 0.6875 0.46640625 0.0625 0.0796875
47 0.74609375 0.46015625 0.0703125 0.0796875
47 0.5671875 0.484375 0.059375 0.08125
47 0.24375 0.5375 0.071875 0.096875
47 0.8640625 0.446875 0.05625 0.071875
47 0.38359375 0.51484375 0.0671875 0.0890625
40 0.17421875 0.5453125 0.0703125 0.096875
40 0.103125 0.55546875 0.075 0.0984375
47 0.4453125 0.50546875 0.065625 0.0890625