36 0.7671875 0.496875 0.05 0.08125
47 0.6421875 0.4953125 0.0515625 0.0875
36 0.8265625 0.49765625 0.0484375 0.0859375
47 0.5796875 0.496875 0.0515625 0.0875
47 0.70625 0.49453125 0.0515625 0.0859375
36 0.8875 0.49375 0.0515625 0.084375
47 0.15 0.5046875 0.053125 0.09375
47 0.5203125 0.4984375 0.05 0.0875
47 0.084375 0.50625 0.0515625 0.090625
47 0.3359375 0.50234375 0.0515625 0.0890625
47 0.39921875 0.5015625 0.0515625 0.0875
47 0.46015625 0.50078125 0.0515625 0.0890625
47 0.2109375 0.503125 0.053125 0.09375
47 0.275 0.503125 0.053125 0.09375