47 0.74609375 0.47578125 0.0515625 0.0796875
47 0.6140625 0.49375 0.05 0.078125
47 0.16328125 0.54765625 0.0546875 0.0828125
47 0.79140625 0.4703125 0.0515625 0.08125
47 0.346875 0.52578125 0.053125 0.0796875
47 0.0703125 0.5609375 0.05625 0.084375
47 0.1171875 0.55390625 0.05625 0.0828125
47 0.56640625 0.4984375 0.0515625 0.078125
47 0.20859375 0.54296875 0.0546875 0.0828125
47 0.70546875 0.48046875 0.0515625 0.0796875
47 0.5265625 0.5046875 0.05 0.078125
47 0.65859375 0.4875 0.0515625 0.078125
47 0.25546875 0.53671875 0.0546875 0.0828125
38 0.390625 0.52109375 0.05 0.0796875
38 0.43828125 0.51484375 0.0515625 0.0796875
47 0.29921875 0.53046875 0.0546875 0.0796875
38 0.48203125 0.50859375 0.0515625 0.0796875
47 0.83359375 0.46328125 0.0515625 0.0796875
47 0.19296875 0.0515625 0.0578125 0.046875
37 0.19765625 0.1578125 0.0609375 0.059375