47 0.28125 0.51796875 0.05 0.0765625
47 0.596875 0.46953125 0.046875 0.0734375
47 0.121875 0.54375 0.059375 0.084375
47 0.175 0.53125 0.053125 0.08125
47 0.86015625 0.4359375 0.0546875 0.075
47 0.4390625 0.49296875 0.046875 0.0734375
47 0.2265625 0.52734375 0.053125 0.0796875
47 0.06875 0.55 0.059375 0.08125
47 0.54609375 0.47890625 0.0484375 0.0734375
38 0.7046875 0.45703125 0.05 0.0734375
47 0.33671875 0.509375 0.0515625 0.075
38 0.75625 0.4484375 0.05 0.071875
38 0.6484375 0.4609375 0.05 0.06875
47 0.809375 0.44375 0.05 0.071875
47 0.38828125 0.50078125 0.0484375 0.0734375
47 0.4921875 0.48984375 0.046875 0.0703125