47 0.334375 0.87578125 0.1375 0.1953125
35 0.596875 0.353125 0.115625 0.140625
47 0.14765625 0.31953125 0.1140625 0.1265625
47 0.43515625 0.8453125 0.1359375 0.2
47 0.2265625 0.303125 0.109375 0.128125
47 0.06796875 0.3328125 0.1171875 0.128125
47 0.803125 0.59375 0.134375 0.171875
47 0.71875 0.63671875 0.128125 0.1734375
47 0.496875 0.64765625 0.128125 0.1765625
35 0.4296875 0.3546875 0.10625 0.134375
47 0.22265625 0.725 0.1265625 0.175
47 0.41015625 0.6765625 0.1296875 0.18125
47 0.621875 0.62734375 0.125 0.1703125
35 0.52109375 0.3765625 0.1109375 0.14375
40 0.81640625 0.36015625 0.1265625 0.1484375
47 0.31796875 0.70390625 0.1265625 0.1765625
40 0.75 0.41640625 0.134375 0.1640625
47 0.22890625 0.89765625 0.1390625 0.1984375
47 0.33359375 0.2671875 0.1484375 0.159375