47 0.7375 0.3640625 0.0625 0.0828125
47 0.8015625 0.3609375 0.0640625 0.0828125
47 0.278125 0.4015625 0.065625 0.0875
47 0.2046875 0.40390625 0.0671875 0.0890625
47 0.9109375 0.3484375 0.05625 0.0703125
47 0.346875 0.390625 0.0625 0.0828125
47 0.1296875 0.41484375 0.065625 0.0953125
47 0.9703125 0.346875 0.059375 0.0703125
47 0.053125 0.41953125 0.065625 0.0984375
47 0.4203125 0.390625 0.0625 0.08125
47 0.4859375 0.384375 0.059375 0.078125
47 0.67578125 0.36953125 0.0578125 0.0765625
47 0.55 0.375 0.059375 0.078125
47 0.6140625 0.3734375 0.05625 0.0765625
47 0.85859375 0.3390625 0.0578125 0.0734375