47 0.4359375 0.771875 0.13125 0.128125
47 0.2640625 0.93671875 0.128125 0.1265625
47 0.38359375 0.828125 0.1296875 0.128125
47 0.49453125 0.71328125 0.1328125 0.1265625
47 0.8328125 0.34140625 0.125 0.0859375
47 0.325 0.88828125 0.128125 0.1328125
47 0.540625 0.65 0.13125 0.115625
47 0.878125 0.2921875 0.121875 0.08125
47 0.58671875 0.59609375 0.1015625 0.0734375
47 0.6515625 0.54921875 0.096875 0.0671875
47 0.70078125 0.49375 0.1078125 0.078125
47 0.75078125 0.4375 0.1140625 0.071875
47 0.8 0.3890625 0.11875 0.06875
47 0.90546875 0.2453125 0.0953125 0.06875