47 0.1421875 0.5921875 0.0640625 0.103125
47 0.8859375 0.53671875 0.059375 0.0796875
47 0.34921875 0.56875 0.0609375 0.0875
47 0.77265625 0.53671875 0.0578125 0.0796875
47 0.21328125 0.58125 0.0640625 0.090625
47 0.28125 0.5890625 0.0640625 0.0984375
47 0.8359375 0.540625 0.059375 0.0828125
47 0.72109375 0.5328125 0.0515625 0.0828125
47 0.06875 0.58828125 0.0671875 0.1015625
47 0.65625 0.546875 0.0578125 0.084375
47 0.415625 0.56015625 0.059375 0.0890625
47 0.5359375 0.54375 0.0578125 0.0890625
47 0.4734375 0.5484375 0.059375 0.09375
47 0.59375 0.540625 0.053125 0.084375