47 0.36796875 0.746875 0.1078125 0.103125
47 0.1578125 0.8640625 0.103125 0.1109375
47 0.3015625 0.7875 0.10625 0.10625
47 0.440625 0.703125 0.1125 0.1015625
47 0.86171875 0.43203125 0.1140625 0.0578125
47 0.23125 0.8296875 0.103125 0.109375
47 0.5 0.65546875 0.1125 0.0890625
47 0.91953125 0.396875 0.1109375 0.0546875
47 0.559375 0.615625 0.090625 0.0515625
47 0.6328125 0.5859375 0.0875 0.046875
47 0.6953125 0.546875 0.096875 0.05625
47 0.7578125 0.5046875 0.1078125 0.046875
47 0.81875 0.47109375 0.1125 0.0421875
47 0.95703125 0.359375 0.0859375 0.05