47 0.1671875 0.6578125 0.08125 0.1125
47 0.88515625 0.46171875 0.0734375 0.0890625
47 0.3640625 0.5953125 0.075 0.096875
47 0.775 0.484375 0.071875 0.0875
47 0.23359375 0.63359375 0.0796875 0.1015625
47 0.30234375 0.62890625 0.0796875 0.1078125
47 0.8375 0.4765625 0.071875 0.090625
47 0.72265625 0.490625 0.0671875 0.090625
47 0.09375 0.66875 0.084375 0.1125
47 0.6640625 0.51640625 0.071875 0.0921875
47 0.428125 0.575 0.075 0.096875
47 0.54453125 0.53671875 0.0734375 0.0984375
47 0.4828125 0.55234375 0.075 0.1015625
47 0.6 0.52265625 0.06875 0.0921875