47 0.8703125 0.365625 0.06875 0.075
47 0.65859375 0.42734375 0.0703125 0.0765625
47 0.2125 0.69765625 0.084375 0.0984375
47 0.76796875 0.40078125 0.0703125 0.0765625
47 0.28125 0.69375 0.0875 0.109375
39 0.39609375 0.51953125 0.0640625 0.0734375
47 0.71640625 0.41484375 0.0703125 0.0765625
47 0.08359375 0.7484375 0.0921875 0.109375
47 0.81953125 0.3828125 0.0671875 0.075
47 0.146875 0.7140625 0.090625 0.103125
39 0.3390625 0.5390625 0.071875 0.084375
47 0.609375 0.45078125 0.065625 0.0765625
38 0.5578125 0.465625 0.059375 0.06875
38 0.5046875 0.484375 0.059375 0.071875
38 0.45234375 0.5046875 0.0609375 0.071875
47 0.34140625 0.6625 0.0890625 0.109375