47 0.678125 0.57578125 0.06875 0.1109375
47 0.81015625 0.58671875 0.0671875 0.1109375
47 0.21953125 0.5375 0.0703125 0.115625
47 0.54921875 0.5609375 0.0671875 0.1125
47 0.48515625 0.559375 0.0671875 0.1125
47 0.084375 0.525 0.071875 0.11875
47 0.1515625 0.53359375 0.071875 0.1171875
47 0.74609375 0.58125 0.0703125 0.1125
47 0.35546875 0.5484375 0.0671875 0.1125
47 0.87421875 0.5921875 0.0671875 0.109375
47 0.28671875 0.54453125 0.0703125 0.1140625
47 0.4203125 0.55234375 0.065625 0.1109375
47 0.61328125 0.57109375 0.0671875 0.1109375