47 0.2671875 0.5046875 0.078125 0.109375
47 0.39140625 0.5328125 0.0796875 0.1125
47 0.515625 0.55546875 0.078125 0.1109375
47 0.634375 0.58046875 0.075 0.1078125
47 0.20546875 0.49140625 0.0796875 0.1140625
47 0.57109375 0.5671875 0.0765625 0.1125
47 0.8734375 0.62890625 0.075 0.1109375
47 0.4515625 0.54296875 0.078125 0.1109375
47 0.6953125 0.5921875 0.075 0.109375
47 0.0828125 0.45703125 0.078125 0.1140625
47 0.32890625 0.51953125 0.0734375 0.1078125
47 0.75390625 0.60234375 0.0734375 0.1078125
47 0.14453125 0.4765625 0.0765625 0.1125
47 0.8125 0.615625 0.06875 0.10625