47 0.68125 0.5625 0.059375 0.1078125
47 0.815625 0.5640625 0.059375 0.10625
47 0.2234375 0.55703125 0.0625 0.1109375
47 0.553125 0.5578125 0.059375 0.109375
47 0.4890625 0.5609375 0.059375 0.109375
47 0.08671875 0.55390625 0.0640625 0.1140625
47 0.15390625 0.5578125 0.0640625 0.1125
47 0.75 0.5640625 0.0625 0.109375
47 0.359375 0.559375 0.059375 0.109375
47 0.8796875 0.565625 0.059375 0.10625
47 0.290625 0.5578125 0.0625 0.109375
47 0.425 0.55703125 0.059375 0.1078125
47 0.6171875 0.56328125 0.059375 0.1078125