47 0.66015625 0.6078125 0.0859375 0.11875
47 0.78828125 0.6453125 0.0859375 0.11875
47 0.21796875 0.4828125 0.0890625 0.125
47 0.53671875 0.56953125 0.0859375 0.1203125
47 0.475 0.55546875 0.084375 0.1203125
47 0.0875 0.44609375 0.090625 0.1265625
47 0.1515625 0.4671875 0.090625 0.125
47 0.72578125 0.6265625 0.0890625 0.121875
47 0.34921875 0.52109375 0.0859375 0.1203125
47 0.85 0.6609375 0.084375 0.11875
47 0.28359375 0.50234375 0.0890625 0.1234375
47 0.4125 0.5359375 0.084375 0.11875
47 0.596875 0.590625 0.084375 0.11875