47 0.70078125 0.55859375 0.0765625 0.1109375
47 0.31640625 0.49375 0.0765625 0.115625
47 0.63828125 0.5484375 0.0765625 0.1125
47 0.765625 0.571875 0.075 0.1125
47 0.38125 0.5046875 0.08125 0.115625
47 0.57265625 0.5421875 0.0765625 0.1125
47 0.50859375 0.53046875 0.0765625 0.1109375
47 0.8859375 0.59375 0.078125 0.115625
47 0.44765625 0.5171875 0.0796875 0.115625
47 0.825 0.5859375 0.075 0.115625
47 0.178125 0.4703125 0.08125 0.11875
47 0.24765625 0.48125 0.0796875 0.11875
47 0.11015625 0.45703125 0.0828125 0.1203125