47 0.79453125 0.4578125 0.0671875 0.08125
47 0.7390625 0.44375 0.06875 0.08125
47 0.62265625 0.42265625 0.0640625 0.0796875
47 0.5640625 0.409375 0.0625 0.08125
47 0.96484375 0.49296875 0.0703125 0.0828125
47 0.85 0.47109375 0.065625 0.0796875
47 0.6828125 0.43515625 0.0625 0.0796875
47 0.0515625 0.315625 0.065625 0.09375
37 0.2484375 0.353125 0.065625 0.084375
37 0.3140625 0.36328125 0.065625 0.0859375
37 0.18359375 0.34296875 0.0640625 0.0828125
37 0.1140625 0.328125 0.0625 0.0875
40 0.38046875 0.37734375 0.0703125 0.0890625
40 0.4421875 0.3890625 0.06875 0.0875
47 0.9046875 0.4828125 0.06875 0.08125
40 0.50625 0.39921875 0.065625 0.0859375