36 0.6078125 0.4421875 0.046875 0.0609375
47 0.72578125 0.434375 0.0515625 0.0703125
36 0.4890625 0.45390625 0.046875 0.0546875
36 0.665625 0.4359375 0.0484375 0.059375
36 0.54921875 0.4484375 0.0453125 0.053125
47 0.78046875 0.4296875 0.0515625 0.0703125
47 0.1078125 0.496875 0.0578125 0.08125
47 0.2375 0.475 0.05625 0.075
47 0.1734375 0.4796875 0.059375 0.078125
47 0.8390625 0.425 0.05 0.0671875
47 0.94453125 0.415625 0.0515625 0.0671875
47 0.8890625 0.4234375 0.0515625 0.06875
47 0.36875 0.46640625 0.053125 0.0703125
47 0.4296875 0.4609375 0.0484375 0.06875
47 0.3015625 0.4703125 0.0515625 0.071875
47 0.0328125 0.503125 0.0640625 0.0859375