47 0.70859375 0.5203125 0.0578125 0.1015625
47 0.31875 0.528125 0.059375 0.10625
47 0.64375 0.5203125 0.0578125 0.1015625
47 0.7734375 0.5203125 0.05625 0.103125
47 0.38515625 0.528125 0.0609375 0.10625
47 0.5796875 0.5265625 0.059375 0.1046875
47 0.51484375 0.52734375 0.0578125 0.1015625
47 0.896875 0.5171875 0.059375 0.10625
47 0.45 0.5265625 0.0609375 0.10625
47 0.8359375 0.521875 0.05625 0.10625
47 0.1765625 0.5328125 0.0609375 0.1109375
47 0.24921875 0.53046875 0.0609375 0.1078125
47 0.109375 0.53125 0.0625 0.1109375