36 0.60546875 0.43828125 0.0484375 0.0609375
47 0.7234375 0.42734375 0.053125 0.0703125
36 0.48828125 0.45390625 0.0484375 0.0578125
36 0.66328125 0.43046875 0.0484375 0.0609375
36 0.54765625 0.44765625 0.0484375 0.0546875
47 0.77890625 0.42109375 0.0546875 0.0703125
47 0.1078125 0.51015625 0.059375 0.0828125
47 0.2375 0.48515625 0.059375 0.0765625
47 0.1734375 0.49140625 0.0625 0.0796875
47 0.83515625 0.4140625 0.0515625 0.06875
47 0.940625 0.40078125 0.053125 0.0671875
47 0.8859375 0.41015625 0.053125 0.0703125
47 0.36796875 0.47109375 0.0546875 0.0703125
47 0.428125 0.46328125 0.05 0.0703125
47 0.3015625 0.4765625 0.053125 0.071875
47 0.03515625 0.51953125 0.0671875 0.0890625