47 0.63203125 0.47109375 0.0671875 0.0859375
47 0.69375 0.4765625 0.06875 0.0875
47 0.51484375 0.4703125 0.0734375 0.09375
47 0.390625 0.46953125 0.075 0.0984375
47 0.328125 0.46484375 0.075 0.0984375
47 0.80859375 0.4765625 0.0703125 0.090625
34 0.19375 0.4640625 0.078125 0.096875
47 0.453125 0.4671875 0.071875 0.09375
34 0.1265625 0.465625 0.078125 0.096875
47 0.74765625 0.478125 0.0671875 0.0875
34 0.2625 0.46484375 0.078125 0.0984375
47 0.909375 0.47734375 0.065625 0.0859375
47 0.5734375 0.46875 0.071875 0.090625
47 0.86015625 0.4796875 0.0703125 0.090625
47 0.05390625 0.46640625 0.0890625 0.1046875