83 0.7703125 0.3078125 0.0578125 0.075
79 0.2015625 0.39453125 0.06875 0.0875
79 0.42578125 0.3625 0.0578125 0.0796875
81 0.53828125 0.34609375 0.0625 0.078125
82 0.70859375 0.3171875 0.0609375 0.0765625
84 0.821875 0.30078125 0.053125 0.0703125
80 0.48359375 0.35390625 0.0609375 0.0765625
78 0.29375 0.38203125 0.0625 0.0828125
82 0.65625 0.32734375 0.0578125 0.0734375
78 0.13671875 0.40390625 0.0640625 0.084375
77 0.06796875 0.41796875 0.0671875 0.0890625
78 0.35390625 0.375 0.0609375 0.08125
85 0.871875 0.29375 0.05625 0.071875
82 0.60234375 0.3359375 0.0609375 0.078125