83 0.4890625 0.540625 0.115625 0.090625
83 0.68046875 0.459375 0.1171875 0.08125
80 0.390625 0.4625 0.103125 0.075
79 0.31015625 0.48359375 0.1046875 0.0796875
84 0.5640625 0.5078125 0.11875 0.0875
80 0.63046875 0.3578125 0.1046875 0.065625
84 0.74921875 0.43671875 0.1171875 0.0796875
37 0.15390625 0.59453125 0.1140625 0.0828125
37 0.25234375 0.584375 0.1078125 0.08125
79 0.56953125 0.38359375 0.1015625 0.0671875
81 0.6953125 0.33203125 0.1109375 0.065625
78 0.22421875 0.50234375 0.1015625 0.0796875
82 0.39609375 0.565625 0.1171875 0.0953125
85 0.83046875 0.40859375 0.1234375 0.0765625