47 0.4734375 0.12734375 0.04375 0.0453125
47 0.90703125 0.35390625 0.0640625 0.0734375
47 0.28046875 0.52734375 0.0671875 0.0828125
47 0.81171875 0.37890625 0.0609375 0.0734375
47 0.8640625 0.3625 0.059375 0.071875
47 0.43125 0.1328125 0.04375 0.046875
47 0.7640625 0.39140625 0.0625 0.0734375
47 0.21640625 0.54375 0.0703125 0.084375
47 0.3390625 0.51328125 0.065625 0.0796875
47 0.609375 0.43203125 0.059375 0.0671875
47 0.6625 0.4171875 0.059375 0.06875
47 0.3921875 0.1421875 0.04375 0.04375
47 0.55703125 0.446875 0.0609375 0.071875
47 0.44375 0.1734375 0.04375 0.046875
47 0.71328125 0.40546875 0.0640625 0.0734375
47 0.50703125 0.46796875 0.0609375 0.0734375
47 0.45390625 0.48203125 0.0609375 0.0703125
47 0.3953125 0.49140625 0.059375 0.0671875
47 0.06875 0.5828125 0.075 0.0875
47 0.51015625 0.11953125 0.0453125 0.0453125
47 0.13515625 0.56796875 0.0765625 0.0921875
47 0.403125 0.1828125 0.04375 0.046875
47 0.35078125 0.15 0.0453125 0.046875
47 0.5671875 0.14765625 0.05 0.0453125
38 0.4875 0.165625 0.04375 0.046875
47 0.46484375 0.2203125 0.0484375 0.05
39 0.5234375 0.1578125 0.040625 0.04375
47 0.553125 0.109375 0.046875 0.04375