47 0.446875 0.428125 0.0546875 0.078125
47 0.38359375 0.42734375 0.0546875 0.0796875
47 0.3140625 0.4296875 0.0546875 0.08125
47 0.50625 0.428125 0.05625 0.078125
47 0.978125 0.4078125 0.04375 0.0703125
47 0.18046875 0.4328125 0.0609375 0.0875
47 0.25 0.4328125 0.05625 0.084375
47 0.565625 0.41796875 0.0546875 0.0765625
47 0.8140625 0.4078125 0.05 0.0765625
47 0.9171875 0.4140625 0.05625 0.071875
47 0.86328125 0.4125 0.0484375 0.075
47 0.1140625 0.43671875 0.0640625 0.0859375
47 0.75 0.4078125 0.05625 0.0703125
47 0.6875 0.409375 0.05625 0.071875
47 0.63125 0.40625 0.05 0.0703125
47 0.04375 0.4359375 0.0703125 0.0859375