47 0.0234375 0.45234375 0.046875 0.0984375
47 0.4796875 0.39765625 0.053125 0.0734375
34 0.775 0.3640625 0.0515625 0.06875
47 0.6578125 0.3796875 0.059375 0.0765625
37 0.88671875 0.35703125 0.0453125 0.0640625
34 0.7171875 0.3734375 0.0546875 0.071875
47 0.21796875 0.4265625 0.0578125 0.078125
47 0.075 0.44296875 0.0765625 0.0921875
47 0.41640625 0.4046875 0.0546875 0.078125
47 0.3484375 0.41171875 0.059375 0.0796875
47 0.54140625 0.3890625 0.0515625 0.0640625
37 0.82890625 0.36015625 0.0484375 0.0671875
47 0.28515625 0.4171875 0.0609375 0.071875
37 0.9390625 0.346875 0.0453125 0.06875
47 0.1515625 0.434375 0.065625 0.0859375
47 0.6 0.384375 0.0515625 0.071875