47 0.49375 0.5421875 0.121875 0.1
47 0.67578125 0.43984375 0.1234375 0.0921875
47 0.3875 0.475 0.109375 0.084375
47 0.30859375 0.50390625 0.1109375 0.0890625
47 0.5640625 0.50078125 0.125 0.0984375
47 0.61484375 0.3453125 0.1109375 0.075
47 0.74140625 0.4109375 0.1234375 0.090625
37 0.16640625 0.63046875 0.1203125 0.0921875
37 0.26328125 0.609375 0.1140625 0.090625
47 0.55625 0.37734375 0.10625 0.0765625
47 0.678125 0.3125 0.115625 0.075
47 0.22578125 0.53046875 0.1078125 0.0890625
47 0.403125 0.5765625 0.125 0.10625
47 0.81875 0.37578125 0.128125 0.0890625