47 0.0234375 0.46015625 0.046875 0.0984375
79 0.47890625 0.3984375 0.0546875 0.075
34 0.77265625 0.359375 0.0515625 0.06875
64 0.65546875 0.378125 0.0609375 0.078125
37 0.884375 0.34921875 0.046875 0.0640625
34 0.715625 0.36953125 0.05625 0.0734375
60 0.21640625 0.43125 0.0609375 0.0796875
47 0.075 0.45 0.078125 0.09375
78 0.415625 0.40546875 0.05625 0.078125
77 0.34765625 0.41328125 0.0609375 0.0796875
62 0.53984375 0.38984375 0.0515625 0.0640625
37 0.82578125 0.3546875 0.0515625 0.06875
61 0.2828125 0.42109375 0.0640625 0.0734375
37 0.93671875 0.3390625 0.0453125 0.06875
59 0.15078125 0.440625 0.0671875 0.0875
63 0.59765625 0.38203125 0.0515625 0.0734375